wazaNo	isValid	type	category	damageType	power	hitPer	basePP	priority	hitCountMax	hitCountMin	sickID	sickPer	sickCont	sickTurnMin	sickTurnMax	criticalRank	shrinkPer	aiSeqNo	damageRecoverRatio	hpRecoverRatio	target	rankEffType1	rankEffType2	rankEffType3	rankEffValue1	rankEffValue2	rankEffValue3	rankEffPer1	rankEffPer2	rankEffPer3	flags	contestWazaNo
0	0	0	0	0	0	0	0	0	0	0	0	0	0	0	0	0	0	0	0	0	0	0	0	0	0	0	0	0	0	0	0	0
1	1	0	0	1	40	100	35	0	0	0	0	0	0	0	0	0	0	0	0	0	0	0	0	0	0	0	0	0	0	0	131145	30
2	0	1	0	1	50	100	25	0	0	0	0	0	0	0	0	1	0	43	0	0	0	0	0	0	0	0	0	0	0	0	131145	0
3	0	0	0	1	15	85	10	0	5	2	0	0	0	0	0	0	0	29	0	0	0	0	0	0	0	0	0	0	0	0	131145	0
4	0	0	0	1	18	85	15	0	5	2	0	0	0	0	0	0	0	29	0	0	0	0	0	0	0	0	0	0	0	0	131273	0
5	1	0	0	1	80	85	20	0	0	0	0	0	0	0	0	0	0	0	0	0	0	0	0	0	0	0	0	0	0	0	131273	37
6	1	0	0	1	40	100	20	0	0	0	0	0	0	0	0	0	0	34	0	0	0	0	0	0	0	0	0	0	0	0	131144	31
7	1	9	4	1	75	100	15	0	0	0	4	10	1	0	0	0	0	4	0	0	0	0	0	0	0	0	0	0	0	0	131273	38
8	1	14	4	1	75	100	15	0	0	0	3	10	1	0	0	0	0	5	0	0	0	0	0	0	0	0	0	0	0	0	131273	38
9	1	12	4	1	75	100	15	0	0	0	1	10	1	0	0	0	0	6	0	0	0	0	0	0	0	0	0	0	0	0	131273	38
10	1	0	0	1	40	100	35	0	0	0	0	0	0	0	0	0	0	0	0	0	0	0	0	0	0	0	0	0	0	0	131145	30
11	1	0	0	1	55	100	30	0	0	0	0	0	0	0	0	0	0	0	0	0	0	0	0	0	0	0	0	0	0	0	131145	36
12	1	0	9	1	1	30	5	0	0	0	0	0	0	0	0	0	0	38	0	0	0	0	0	0	0	0	0	0	0	0	131145	2
13	0	0	0	2	80	100	10	0	0	0	0	0	0	0	0	1	0	39	0	0	5	0	0	0	0	0	0	0	0	0	131146	0
14	1	0	2	0	0	101	20	0	0	0	0	0	0	0	0	0	0	50	0	0	7	1	0	0	2	0	0	0	0	0	196640	9
15	1	0	0	1	50	95	30	0	0	0	0	0	0	0	0	0	0	0	0	0	0	0	0	0	0	0	0	0	0	0	131145	37
16	1	2	0	2	40	100	35	0	0	0	0	0	0	0	0	0	0	149	0	0	0	0	0	0	0	0	0	0	0	0	133192	33
17	1	2	0	1	60	100	35	0	0	0	0	0	0	0	0	0	0	0	0	0	0	0	0	0	0	0	0	0	0	0	133193	36
18	1	0	12	0	0	101	20	-6	0	0	0	0	0	0	0	0	0	28	0	0	0	0	0	0	0	0	0	0	0	0	172112	0
19	1	2	0	1	90	95	15	0	0	0	0	0	0	0	0	0	0	155	0	0	0	0	0	0	0	0	0	0	0	0	133707	26
20	1	0	4	1	15	85	20	0	0	0	8	100	4	5	6	0	0	42	0	0	0	0	0	0	0	0	0	0	0	0	131145	21
21	1	0	0	1	80	75	20	0	0	0	0	0	0	0	0	0	0	0	0	0	0	0	0	0	0	0	0	0	0	0	147529	37
22	1	11	0	1	45	100	25	0	0	0	0	0	0	0	0	0	0	0	0	0	0	0	0	0	0	0	0	0	0	0	131145	36
23	1	0	0	1	65	100	20	0	0	0	0	0	0	0	0	0	30	150	0	0	0	0	0	0	0	0	0	0	0	0	147529	38
24	1	1	0	1	30	100	30	0	2	2	0	0	0	0	0	0	0	44	0	0	0	0	0	0	0	0	0	0	0	0	131145	24
25	1	0	0	1	120	75	5	0	0	0	0	0	0	0	0	0	0	0	0	0	0	0	0	0	0	0	0	0	0	0	131145	44
26	0	1	0	1	100	95	10	0	0	0	0	0	0	0	0	0	0	45	0	0	0	0	0	0	0	0	0	0	0	0	131657	0
27	0	1	0	1	60	85	15	0	0	0	0	0	0	0	0	0	30	31	0	0	0	0	0	0	0	0	0	0	0	0	131145	0
28	1	4	2	0	0	100	15	0	0	0	0	0	0	0	0	0	0	23	0	0	0	6	0	0	-1	0	0	0	0	0	131160	3
29	1	0	0	1	70	100	15	0	0	0	0	0	0	0	0	0	30	31	0	0	0	0	0	0	0	0	0	0	0	0	131145	38
30	1	0	0	1	65	100	25	0	0	0	0	0	0	0	0	0	0	0	0	0	0	0	0	0	0	0	0	0	0	0	131145	37
31	1	0	0	1	15	85	20	0	5	2	0	0	0	0	0	0	0	29	0	0	0	0	0	0	0	0	0	0	0	0	131145	25
32	1	0	9	1	1	30	5	0	0	0	0	0	0	0	0	0	0	38	0	0	0	0	0	0	0	0	0	0	0	0	131145	2
33	1	0	0	1	40	100	35	0	0	0	0	0	0	0	0	0	0	0	0	0	0	0	0	0	0	0	0	0	0	0	131145	30
34	1	0	4	1	85	100	15	0	0	0	1	30	1	0	0	0	0	6	0	0	0	0	0	0	0	0	0	0	0	0	147529	43
35	1	0	4	1	15	90	20	0	0	0	8	100	4	5	6	0	0	42	0	0	0	0	0	0	0	0	0	0	0	0	131145	21
36	1	0	0	1	90	85	20	0	0	0	0	0	0	0	0	0	0	48	-25	0	0	0	0	0	0	0	0	0	0	0	131145	42
37	1	0	0	1	120	100	10	0	0	0	0	0	0	0	0	0	0	27	0	0	9	0	0	0	0	0	0	0	0	0	131145	27
38	1	0	0	1	120	100	15	0	0	0	0	0	0	0	0	0	0	198	-33	0	0	0	0	0	0	0	0	0	0	0	131145	43
39	1	0	2	0	0	100	30	0	0	0	0	0	0	0	0	0	0	19	0	0	5	2	0	0	-1	0	0	0	0	0	131160	4
40	1	3	4	1	15	100	35	0	0	0	5	30	1	0	0	0	0	2	0	0	0	0	0	0	0	0	0	0	0	0	131144	31
41	0	6	4	1	25	100	20	0	2	2	5	20	1	0	0	0	0	77	0	0	0	0	0	0	0	0	0	0	0	0	131144	0
42	1	6	0	1	25	95	20	0	5	2	0	0	0	0	0	0	0	29	0	0	0	0	0	0	0	0	0	0	0	0	131144	28
43	1	0	2	0	0	100	30	0	0	0	0	0	0	0	0	0	0	19	0	0	5	2	0	0	-1	0	0	100	0	0	131160	4
44	1	16	0	1	60	100	25	0	0	0	0	0	0	0	0	0	30	31	0	0	0	0	0	0	0	0	0	0	0	0	131145	37
45	1	0	2	0	0	100	40	0	0	0	0	0	0	0	0	0	0	18	0	0	5	1	0	0	-1	0	0	0	0	0	139608	4
46	1	0	12	0	0	101	20	-6	0	0	0	0	0	0	0	0	0	28	0	0	0	0	0	0	0	0	0	0	0	0	172368	1
47	1	0	1	0	0	55	15	0	0	0	2	0	2	2	4	0	0	1	0	0	0	0	0	0	0	0	0	0	0	0	139608	18
48	1	0	1	0	0	55	20	0	0	0	6	0	2	2	5	0	0	49	0	0	0	0	0	0	0	0	0	0	0	0	139608	12
49	0	0	0	2	1	90	20	0	0	0	0	0	0	0	0	0	0	130	0	0	0	0	0	0	0	0	0	0	0	0	131144	0
50	1	0	13	0	0	100	20	0	0	0	13	0	2	4	4	0	0	86	0	0	0	0	0	0	0	0	0	0	0	0	139352	14
51	1	3	6	2	40	100	30	0	0	0	0	0	0	0	0	0	0	72	0	0	5	4	0	0	-1	0	0	10	0	0	131144	34
52	1	9	4	2	40	100	25	0	0	0	4	10	1	0	0	0	0	4	0	0	0	0	0	0	0	0	0	0	0	0	131144	34
53	1	9	4	2	90	100	15	0	0	0	4	10	1	0	0	0	0	4	0	0	0	0	0	0	0	0	0	0	0	0	131144	41
54	1	14	11	0	0	101	30	0	0	0	0	0	0	0	0	0	0	46	0	0	12	0	0	0	0	0	0	0	0	0	131104	16
55	1	10	0	2	40	100	25	0	0	0	0	0	0	0	0	0	0	0	0	0	0	0	0	0	0	0	0	0	0	0	131144	33
56	1	10	0	2	110	80	5	0	0	0	0	0	0	0	0	0	0	0	0	0	0	0	0	0	0	0	0	0	0	0	131144	45
57	1	10	0	2	90	100	15	0	0	0	0	0	0	0	0	0	0	257	0	0	4	0	0	0	0	0	0	0	0	0	147528	41
58	1	14	4	2	90	100	10	0	0	0	3	10	1	0	0	0	0	5	0	0	0	0	0	0	0	0	0	0	0	0	131144	41
59	1	14	4	2	110	70	5	0	0	0	3	10	1	0	0	0	0	260	0	0	5	0	0	0	0	0	0	0	0	0	131144	46
60	1	13	4	2	65	100	20	0	0	0	6	10	2	2	5	0	0	76	0	0	0	0	0	0	0	0	0	0	0	0	131144	40
61	1	10	6	2	65	100	20	0	0	0	0	0	0	0	0	0	0	70	0	0	0	5	0	0	-1	0	0	10	0	0	131144	40
62	1	14	6	2	65	100	20	0	0	0	0	0	0	0	0	0	0	68	0	0	0	1	0	0	-1	0	0	10	0	0	131144	40
63	1	0	0	2	150	90	5	0	0	0	0	0	0	0	0	0	0	80	0	0	0	0	0	0	0	0	0	0	0	0	131148	47
64	1	2	0	1	35	100	35	0	0	0	0	0	0	0	0	0	0	0	0	0	0	0	0	0	0	0	0	0	0	0	133193	30
65	1	2	0	1	80	100	20	0	0	0	0	0	0	0	0	0	0	0	0	0	0	0	0	0	0	0	0	0	0	0	133193	37
66	1	1	0	1	80	80	20	0	0	0	0	0	0	0	0	0	0	48	-25	0	0	0	0	0	0	0	0	0	0	0	131145	37
67	1	1	0	1	1	100	20	0	0	0	0	0	0	0	0	0	0	196	0	0	0	0	0	0	0	0	0	0	0	0	131145	48
68	1	1	0	1	1	100	20	-5	0	0	0	0	0	0	0	0	0	89	0	0	13	0	0	0	0	0	0	0	0	0	9	48
69	1	1	0	1	1	100	20	0	0	0	0	0	0	0	0	0	0	87	0	0	0	0	0	0	0	0	0	0	0	0	147529	48
70	1	0	0	1	80	100	15	0	0	0	0	0	0	0	0	0	0	0	0	0	0	0	0	0	0	0	0	0	0	0	131145	38
71	1	11	8	2	20	100	25	0	0	0	0	0	0	0	0	0	0	3	50	0	0	0	0	0	0	0	0	0	0	0	135240	34
72	1	11	8	2	40	100	15	0	0	0	0	0	0	0	0	0	0	3	50	0	0	0	0	0	0	0	0	0	0	0	135240	34
73	1	11	1	0	0	90	10	0	0	0	18	0	1	0	0	0	0	84	0	0	0	0	0	0	0	0	0	0	0	0	131160	14
74	1	0	2	0	0	101	20	0	0	0	0	0	0	0	0	0	0	316	0	0	7	1	3	0	1	1	0	0	0	0	131104	9
75	1	11	0	1	55	95	25	0	0	0	0	0	0	0	0	1	0	43	0	0	5	0	0	0	0	0	0	0	0	0	131144	36
76	1	11	0	2	120	100	10	0	0	0	0	0	0	0	0	0	0	151	0	0	0	0	0	0	0	0	0	0	0	0	131146	29
77	1	3	1	0	0	75	35	0	0	0	5	0	1	0	0	0	0	66	0	0	0	0	0	0	0	0	0	0	0	0	131160	15
78	1	11	1	0	0	75	30	0	0	0	1	0	1	0	0	0	0	67	0	0	0	0	0	0	0	0	0	0	0	0	131160	18
79	1	11	1	0	0	75	15	0	0	0	2	0	2	2	4	0	0	1	0	0	0	0	0	0	0	0	0	0	0	0	131160	18
80	1	11	0	2	120	100	10	0	0	0	0	0	0	0	0	0	0	27	0	0	9	0	0	0	0	0	0	0	0	0	196681	27
81	1	6	2	0	0	95	40	0	0	0	0	0	0	0	0	0	0	60	0	0	5	5	0	0	-2	0	0	0	0	0	131160	5
82	0	15	0	2	1	100	10	0	0	0	0	0	0	0	0	0	0	41	0	0	0	0	0	0	0	0	0	0	0	0	131144	0
83	1	9	4	2	35	85	15	0	0	0	8	100	4	5	6	0	0	42	0	0	0	0	0	0	0	0	0	0	0	0	131144	22
84	1	12	4	2	40	100	30	0	0	0	1	10	1	0	0	0	0	6	0	0	0	0	0	0	0	0	0	0	0	0	131144	34
85	1	12	4	2	90	100	15	0	0	0	1	10	1	0	0	0	0	6	0	0	0	0	0	0	0	0	0	0	0	0	131144	41
86	1	12	1	0	0	90	20	0	0	0	1	0	1	0	0	0	0	67	0	0	0	0	0	0	0	0	0	0	0	0	131160	20
87	1	12	4	2	110	70	10	0	0	0	1	30	1	0	0	0	0	152	0	0	0	0	0	0	0	0	0	0	0	0	131144	46
88	1	5	0	1	50	90	15	0	0	0	0	0	0	0	0	0	0	0	0	0	0	0	0	0	0	0	0	0	0	0	131144	36
89	1	4	0	1	100	100	10	0	0	0	0	0	0	0	0	0	0	147	0	0	4	0	0	0	0	0	0	0	0	0	147528	43
90	1	4	9	1	1	30	5	0	0	0	0	0	0	0	0	0	0	38	0	0	0	0	0	0	0	0	0	0	0	0	147528	2
91	1	4	0	1	80	100	10	0	0	0	0	0	0	0	0	0	0	256	0	0	0	0	0	0	0	0	0	0	0	0	147531	27
92	1	3	1	0	0	90	10	0	0	0	5	0	1	15	15	0	0	33	0	0	0	0	0	0	0	0	0	0	0	0	131160	16
93	1	13	4	2	50	100	25	0	0	0	6	10	2	2	5	0	0	76	0	0	0	0	0	0	0	0	0	0	0	0	131144	34
94	1	13	6	2	90	100	10	0	0	0	0	0	0	0	0	0	0	72	0	0	0	4	0	0	-1	0	0	10	0	0	131144	41
95	1	13	1	0	0	60	20	0	0	0	2	0	2	2	4	0	0	1	0	0	0	0	0	0	0	0	0	0	0	0	131160	18
96	0	13	2	0	0	101	40	0	0	0	0	0	0	0	0	0	0	10	0	0	7	1	0	0	1	0	0	0	0	0	131104	0
97	1	13	2	0	0	101	30	0	0	0	0	0	0	0	0	0	0	52	0	0	7	5	0	0	2	0	0	0	0	0	131104	8
98	1	0	0	1	40	100	30	1	0	0	0	0	0	0	0	0	0	103	0	0	0	0	0	0	0	0	0	0	0	0	131145	32
99	0	0	0	1	20	100	20	0	0	0	0	0	0	0	0	0	0	81	0	0	0	0	0	0	0	0	0	0	0	0	131145	0
100	1	13	13	0	0	101	20	-6	0	0	0	0	0	0	0	0	0	153	0	0	7	0	0	0	0	0	0	0	0	0	131072	0
101	1	7	0	2	1	100	15	0	0	0	0	0	0	0	0	0	0	87	0	0	0	0	0	0	0	0	0	0	0	0	131144	48
102	1	0	13	0	0	101	10	0	0	0	0	0	0	0	0	0	0	82	0	0	0	0	0	0	0	0	0	0	0	0	40968	48
103	1	0	2	0	0	85	40	0	0	0	0	0	0	0	0	0	0	59	0	0	0	2	0	0	-2	0	0	0	0	0	172376	5
104	1	0	2	0	0	101	15	0	0	0	0	0	0	0	0	0	0	16	0	0	7	7	0	0	1	0	0	0	0	0	131104	7
105	1	0	3	0	0	101	10	0	0	0	0	0	0	0	0	0	0	32	0	50	7	0	0	0	0	0	0	0	0	0	135200	16
106	1	0	2	0	0	101	30	0	0	0	0	0	0	0	0	0	0	11	0	0	7	2	0	0	1	0	0	0	0	0	131104	6
107	1	0	2	0	0	101	10	0	0	0	0	0	0	0	0	0	0	108	0	0	7	7	0	0	2	0	0	0	0	0	131104	8
108	1	0	2	0	0	100	20	0	0	0	0	0	0	0	0	0	0	23	0	0	0	6	0	0	-1	0	0	0	0	0	131160	3
109	1	7	1	0	0	100	10	0	0	0	6	0	2	2	5	0	0	49	0	0	0	0	0	0	0	0	0	0	0	0	131160	13
110	1	10	2	0	0	101	40	0	0	0	0	0	0	0	0	0	0	11	0	0	7	2	0	0	1	0	0	0	0	0	131104	6
111	1	0	2	0	0	101	40	0	0	0	0	0	0	0	0	0	0	156	0	0	7	2	0	0	1	0	0	0	0	0	131104	7
112	0	13	2	0	0	101	20	0	0	0	0	0	0	0	0	0	0	51	0	0	7	2	0	0	2	0	0	0	0	0	131104	0
113	1	13	11	0	0	101	30	0	0	0	0	0	0	0	0	0	0	35	0	0	12	0	0	0	0	0	0	0	0	0	131104	17
114	1	14	10	0	0	101	30	0	0	0	0	0	0	0	0	0	0	25	0	0	10	0	0	0	0	0	0	0	0	0	139264	16
115	1	13	11	0	0	101	20	0	0	0	0	0	0	0	0	0	0	65	0	0	12	0	0	0	0	0	0	0	0	0	131104	17
116	1	0	13	0	0	101	30	0	0	0	0	0	0	0	0	0	0	47	0	0	7	0	0	0	0	0	0	0	0	0	131104	6
117	0	0	0	1	1	101	10	1	0	0	0	0	0	0	0	0	0	26	0	0	7	0	0	0	0	0	0	0	0	0	131081	0
118	1	0	13	0	0	101	10	0	0	0	0	0	0	0	0	0	0	83	0	0	7	0	0	0	0	0	0	0	0	0	0	48
119	0	2	13	0	0	101	20	0	0	0	0	0	0	0	0	0	0	9	0	0	0	0	0	0	0	0	0	0	0	0	0	0
120	1	0	0	1	200	100	5	0	0	0	0	0	0	0	0	0	0	7	0	0	4	0	0	0	0	0	0	0	0	0	131144	44
121	0	0	0	1	100	75	10	0	0	0	0	0	0	0	0	0	0	0	0	0	0	0	0	0	0	0	0	0	0	0	131144	0
122	1	7	4	1	30	100	30	0	0	0	1	30	1	0	0	0	0	6	0	0	0	0	0	0	0	0	0	0	0	0	131145	31
123	1	3	4	2	30	70	20	0	0	0	5	40	1	0	0	0	0	2	0	0	0	0	0	0	0	0	0	0	0	0	131144	34
124	1	3	4	2	65	100	20	0	0	0	5	30	1	0	0	0	0	2	0	0	0	0	0	0	0	0	0	0	0	0	131144	40
125	0	4	0	1	65	85	20	0	0	0	0	0	0	0	0	0	10	31	0	0	0	0	0	0	0	0	0	0	0	0	131144	0
126	1	9	4	2	110	85	5	0	0	0	4	10	1	0	0	0	0	4	0	0	0	0	0	0	0	0	0	0	0	0	131144	46
127	1	10	0	1	80	100	15	0	0	0	0	0	0	0	0	0	20	31	0	0	0	0	0	0	0	0	0	0	0	0	131145	38
128	0	10	4	1	35	85	15	0	0	0	8	100	4	5	6	0	0	42	0	0	0	0	0	0	0	0	0	0	0	0	131145	0
129	1	0	0	2	60	101	20	0	0	0	0	0	0	0	0	0	0	17	0	0	5	0	0	0	0	0	0	0	0	0	131144	39
130	1	0	0	1	130	100	10	0	0	0	0	100	0	0	0	0	0	145	0	0	0	0	0	0	0	0	0	0	0	0	131147	29
131	0	0	0	1	20	100	15	0	5	2	0	0	0	0	0	0	0	29	0	0	0	0	0	0	0	0	0	0	0	0	131144	0
132	0	0	6	1	10	100	35	0	0	0	0	0	0	0	0	0	0	70	0	0	0	5	0	0	-1	0	0	10	0	0	131145	0
133	1	13	2	0	0	101	20	0	0	0	0	0	0	0	0	0	0	54	0	0	7	4	0	0	2	0	0	0	0	0	131104	8
134	1	13	2	0	0	80	15	0	0	0	0	0	0	0	0	0	0	23	0	0	0	6	0	0	-1	0	0	0	0	0	131160	11
135	1	0	3	0	0	101	10	0	0	0	0	0	0	0	0	0	0	32	0	50	7	0	0	0	0	0	0	0	0	0	135200	17
136	1	1	0	1	130	90	10	0	0	0	0	0	0	0	0	0	0	45	0	0	0	0	0	0	0	0	0	0	0	0	131657	43
137	1	0	1	0	0	100	30	0	0	0	1	0	1	0	0	0	0	67	0	0	0	0	0	0	0	0	0	0	0	0	131160	19
138	1	13	8	2	100	100	15	0	0	0	0	0	0	0	0	0	0	8	50	0	0	0	0	0	0	0	0	0	0	0	135240	46
139	1	3	1	0	0	90	40	0	0	0	5	0	1	0	0	0	0	66	0	0	5	0	0	0	0	0	0	0	0	0	131160	17
140	0	0	0	1	15	85	20	0	5	2	0	0	0	0	0	0	0	29	0	0	0	0	0	0	0	0	0	0	0	0	131144	0
141	1	6	8	1	80	100	10	0	0	0	0	0	0	0	0	0	0	3	50	0	0	0	0	0	0	0	0	0	0	0	135241	38
142	1	0	1	0	0	75	10	0	0	0	2	0	2	2	4	0	0	1	0	0	0	0	0	0	0	0	0	0	0	0	131160	20
143	1	2	0	1	140	90	5	0	0	0	0	0	0	0	0	1	30	75	0	0	0	0	0	0	0	0	0	0	0	0	133194	29
144	1	0	13	0	0	101	10	0	0	0	0	0	0	0	0	0	0	57	0	0	0	0	0	0	0	0	0	0	0	0	32768	11
145	0	10	6	2	40	100	30	0	0	0	0	0	0	0	0	0	0	70	0	0	5	5	0	0	-1	0	0	10	0	0	131144	0
146	0	0	4	1	70	100	10	0	0	0	6	20	2	2	5	0	0	76	0	0	0	0	0	0	0	0	0	0	0	0	131273	0
147	1	11	1	0	0	100	15	0	0	0	2	0	2	2	4	0	0	1	0	0	0	0	0	0	0	0	0	0	0	0	131160	20
148	1	0	2	0	0	100	20	0	0	0	0	0	0	0	0	0	0	23	0	0	0	6	0	0	-1	0	0	0	0	0	131160	5
149	0	13	0	2	1	100	15	0	0	0	0	0	0	0	0	0	0	88	0	0	0	0	0	0	0	0	0	0	0	0	131144	0
150	1	0	13	0	0	101	40	0	0	0	0	0	0	0	0	0	0	85	0	0	7	0	0	0	0	0	0	0	0	0	131584	0
151	1	3	2	0	0	101	20	0	0	0	0	0	0	0	0	0	0	51	0	0	7	2	0	0	2	0	0	0	0	0	131104	8
152	1	10	0	1	100	90	10	0	0	0	0	0	0	0	0	1	0	43	0	0	0	0	0	0	0	0	0	0	0	0	131145	42
153	1	0	0	1	250	100	5	0	0	0	0	0	0	0	0	0	0	7	0	0	4	0	0	0	0	0	0	0	0	0	131144	44
154	1	0	0	1	18	80	15	0	5	2	0	0	0	0	0	0	0	29	0	0	0	0	0	0	0	0	0	0	0	0	131145	25
155	1	4	0	1	50	90	10	0	2	2	0	0	0	0	0	0	0	44	0	0	0	0	0	0	0	0	0	0	0	0	131144	24
156	1	13	13	0	0	101	10	0	0	0	0	0	0	0	0	0	0	37	0	0	7	0	0	0	0	0	0	0	0	0	135200	17
157	1	5	0	1	75	90	10	0	0	0	0	0	0	0	0	0	30	31	0	0	5	0	0	0	0	0	0	0	0	0	131144	38
158	0	0	0	1	80	90	15	0	0	0	0	0	0	0	0	0	10	31	0	0	0	0	0	0	0	0	0	0	0	0	131145	0
159	0	0	2	0	0	101	30	0	0	0	0	0	0	0	0	0	0	10	0	0	7	1	0	0	1	0	0	0	0	0	131104	0
160	1	0	13	0	0	101	30	0	0	0	0	0	0	0	0	0	0	30	0	0	7	0	0	0	0	0	0	0	0	0	131104	11
161	1	0	4	2	80	100	10	0	0	0	65535	20	1	0	0	0	0	36	0	0	0	0	0	0	0	0	0	0	0	0	131144	41
162	1	0	0	1	1	90	10	0	0	0	0	0	0	0	0	0	0	40	0	0	0	0	0	0	0	0	0	0	0	0	131145	48
163	1	0	0	1	70	100	20	0	0	0	0	0	0	0	0	1	0	43	0	0	0	0	0	0	0	0	0	0	0	0	131145	37
164	1	0	13	0	0	101	10	0	0	0	0	0	0	0	0	0	0	79	0	0	7	0	0	0	0	0	0	0	0	0	147488	17
165	1	0	0	1	50	101	1	0	0	0	0	0	0	0	0	0	0	254	0	-25	9	0	0	0	0	0	0	0	0	0	9	0
166	1	0	13	0	0	101	1	0	0	0	0	0	0	0	0	0	0	95	0	0	0	0	0	0	0	0	0	0	0	0	40960	48
167	1	1	0	1	10	90	10	0	3	3	0	0	0	0	0	0	0	104	0	0	0	0	0	0	0	0	0	0	0	0	131145	26
168	1	16	0	1	60	100	25	0	0	0	0	0	0	0	0	0	0	105	0	0	0	0	0	0	0	0	0	0	0	0	73	38
169	0	6	13	0	0	101	10	0	0	0	0	0	0	0	0	0	0	106	0	0	0	0	0	0	0	0	0	0	0	0	131160	0
170	1	0	13	0	0	101	5	0	0	0	0	0	0	0	0	0	0	94	0	0	0	0	0	0	0	0	0	0	0	0	131144	10
171	0	7	1	0	0	100	15	0	0	0	9	0	1	0	0	0	0	107	0	0	0	0	0	0	0	0	0	0	0	0	131144	0
172	1	9	4	1	60	100	25	0	0	0	4	10	1	0	0	0	0	125	0	0	0	0	0	0	0	0	0	0	0	0	132169	37
173	1	0	0	2	50	100	15	0	0	0	0	0	0	0	0	0	30	92	0	0	0	0	0	0	0	0	0	0	0	0	8520	34
174	1	7	13	0	0	101	10	0	0	0	0	0	0	0	0	0	0	109	0	0	13	0	0	0	0	0	0	0	0	0	139264	15
175	1	0	0	1	1	100	15	0	0	0	0	0	0	0	0	0	0	99	0	0	0	0	0	0	0	0	0	0	0	0	131145	48
176	1	0	13	0	0	101	30	0	0	0	0	0	0	0	0	0	0	93	0	0	0	0	0	0	0	0	0	0	0	0	139264	11
177	1	2	0	2	100	95	5	0	0	0	0	0	0	0	0	1	0	43	0	0	0	0	0	0	0	0	0	0	0	0	133192	47
178	1	11	2	0	0	100	40	0	0	0	0	0	0	0	0	0	0	60	0	0	5	5	0	0	-2	0	0	0	0	0	131160	8
179	1	1	0	1	1	100	15	0	0	0	0	0	0	0	0	0	0	99	0	0	0	0	0	0	0	0	0	0	0	0	131145	48
180	1	7	13	0	0	100	10	0	0	0	0	0	0	0	0	0	0	100	0	0	0	0	0	0	0	0	0	0	0	0	139352	13
181	1	14	4	2	40	100	25	0	0	0	3	10	1	0	0	0	0	5	0	0	5	0	0	0	0	0	0	0	0	0	131144	34
182	1	0	13	0	0	101	10	4	0	0	0	0	0	0	0	0	0	111	0	0	7	0	0	0	0	0	0	0	0	0	0	18
183	1	1	0	1	40	100	30	1	0	0	0	0	0	0	0	0	0	103	0	0	0	0	0	0	0	0	0	0	0	0	131273	32
184	1	0	2	0	0	100	10	0	0	0	0	0	0	0	0	0	0	60	0	0	0	5	0	0	-2	0	0	0	0	0	163928	5
185	0	16	0	1	60	101	20	0	0	0	0	0	0	0	0	0	0	17	0	0	0	0	0	0	0	0	0	0	0	0	131145	0
186	1	17	1	0	0	75	10	0	0	0	6	0	2	2	5	0	0	49	0	0	0	0	0	0	0	0	0	0	0	0	131160	12
187	1	0	13	0	0	101	10	0	0	0	0	0	0	0	0	0	0	142	0	0	7	0	0	0	0	0	0	0	0	0	131104	11
188	1	3	4	2	90	100	10	0	0	0	5	30	1	0	0	0	0	2	0	0	0	0	0	0	0	0	0	0	0	0	131144	41
189	1	4	6	2	20	100	10	0	0	0	0	0	0	0	0	0	0	73	0	0	0	6	0	0	-1	0	0	100	0	0	131144	34
190	1	10	6	2	65	85	10	0	0	0	0	0	0	0	0	0	0	73	0	0	0	6	0	0	-1	0	0	50	0	0	131144	40
191	1	4	11	0	0	101	20	0	0	0	0	0	0	0	0	0	0	112	0	0	11	0	0	0	0	0	0	0	0	0	147472	14
192	1	12	4	2	120	50	5	0	0	0	1	100	1	0	0	0	0	6	0	0	0	0	0	0	0	0	0	0	0	0	131144	47
193	0	0	1	0	0	101	40	0	0	0	17	0	1	0	0	0	0	113	0	0	0	0	0	0	0	0	0	0	0	0	139352	0
194	1	7	13	0	0	101	5	0	0	0	0	0	0	0	0	0	0	98	0	0	7	0	0	0	0	0	0	0	0	0	8192	2
195	1	0	1	0	0	101	5	0	0	0	20	0	2	4	4	0	0	114	0	0	8	0	0	0	0	0	0	0	0	0	141568	19
196	1	14	6	2	55	95	15	0	0	0	0	0	0	0	0	0	0	70	0	0	5	5	0	0	-1	0	0	100	0	0	131144	40
197	1	1	13	0	0	101	5	4	0	0	0	0	0	0	0	0	0	111	0	0	7	0	0	0	0	0	0	0	0	0	0	17
198	1	4	0	1	25	90	10	0	5	2	0	0	0	0	0	0	0	29	0	0	0	0	0	0	0	0	0	0	0	0	131144	28
199	1	0	13	0	0	101	5	0	0	0	0	0	0	0	0	0	0	94	0	0	0	0	0	0	0	0	0	0	0	0	131144	10
200	1	15	0	1	120	100	10	0	0	0	0	0	0	0	0	0	0	27	0	0	9	0	0	0	0	0	0	0	0	0	131145	27
201	1	5	10	0	0	101	10	0	0	0	0	0	0	0	0	0	0	115	0	0	10	0	0	0	0	0	0	0	0	0	131072	23
202	1	11	8	2	75	100	10	0	0	0	0	0	0	0	0	0	0	3	50	0	0	0	0	0	0	0	0	0	0	0	135240	41
203	1	0	13	0	0	101	10	4	0	0	0	0	0	0	0	0	0	116	0	0	7	0	0	0	0	0	0	0	0	0	0	18
204	1	17	2	0	0	100	20	0	0	0	0	0	0	0	0	0	0	58	0	0	0	1	0	0	-2	0	0	0	0	0	163928	5
205	1	5	0	1	30	90	20	0	0	0	0	0	0	0	0	0	0	117	0	0	0	0	0	0	0	0	0	0	0	0	131145	28
206	1	0	0	1	40	100	40	0	0	0	0	0	0	0	0	0	0	101	0	0	0	0	0	0	0	0	0	0	0	0	131145	32
207	1	0	5	0	0	85	15	0	0	0	6	0	2	2	5	0	0	118	0	0	0	1	0	0	2	0	0	0	0	0	163928	14
208	1	0	3	0	0	101	10	0	0	0	0	0	0	0	0	0	0	32	0	50	7	0	0	0	0	0	0	0	0	0	135200	17
209	1	12	4	1	65	100	20	0	0	0	1	30	1	0	0	0	0	6	0	0	0	0	0	0	0	0	0	0	0	0	131145	38
210	1	6	0	1	40	95	20	0	0	0	0	0	0	0	0	0	0	119	0	0	0	0	0	0	0	0	0	0	0	0	131145	31
211	1	8	7	1	70	90	25	0	0	0	0	0	0	0	0	0	0	138	0	0	0	2	0	0	1	0	0	10	0	0	131145	38
212	1	0	13	0	0	101	5	0	0	0	0	0	0	0	0	0	0	106	0	0	0	0	0	0	0	0	0	0	0	0	131152	3
213	1	0	1	0	0	100	15	0	0	0	7	0	3	0	0	0	0	120	0	0	0	0	0	0	0	0	0	0	0	0	139352	13
214	1	0	13	0	0	101	10	0	0	0	0	0	0	0	0	0	0	97	0	0	7	0	0	0	0	0	0	0	0	0	0	48
215	1	0	13	0	0	101	5	0	0	0	0	0	0	0	0	0	0	102	0	0	6	0	0	0	0	0	0	0	0	0	141600	15
216	0	0	0	1	1	100	20	0	0	0	0	0	0	0	0	0	0	121	0	0	0	0	0	0	0	0	0	0	0	0	131145	0
217	1	0	0	1	1	90	15	0	0	0	0	0	0	0	0	0	0	122	0	0	0	0	0	0	0	0	0	0	0	0	131144	48
218	0	0	0	1	1	100	20	0	0	0	0	0	0	0	0	0	0	123	0	0	0	0	0	0	0	0	0	0	0	0	131145	0
219	1	0	11	0	0	101	25	0	0	0	0	0	0	0	0	0	0	124	0	0	12	0	0	0	0	0	0	0	0	0	131104	17
220	1	0	13	0	0	101	20	0	0	0	0	0	0	0	0	0	0	91	0	0	0	0	0	0	0	0	0	0	0	0	163912	48
221	1	9	4	1	100	95	5	0	0	0	4	50	1	0	0	0	0	125	0	0	0	0	0	0	0	0	0	0	0	0	132168	44
222	0	4	0	1	1	100	30	0	0	0	0	0	0	0	0	0	0	126	0	0	4	0	0	0	0	0	0	0	0	0	147528	0
223	1	1	4	1	100	50	5	0	0	0	6	100	2	2	5	0	0	76	0	0	0	0	0	0	0	0	0	0	0	0	131273	43
224	1	6	0	1	120	85	10	0	0	0	0	0	0	0	0	0	0	0	0	0	0	0	0	0	0	0	0	0	0	0	131145	43
225	1	15	4	2	60	100	20	0	0	0	1	30	1	0	0	0	0	6	0	0	0	0	0	0	0	0	0	0	0	0	131144	40
226	1	0	13	0	0	101	40	0	0	0	0	0	0	0	0	0	0	127	0	0	7	0	0	0	0	0	0	0	0	0	131072	0
227	1	0	13	0	0	100	5	0	0	0	0	0	0	0	0	0	0	90	0	0	0	0	0	0	0	0	0	0	0	0	139352	12
228	0	16	0	1	40	100	20	0	0	0	0	0	0	0	0	0	0	128	0	0	0	0	0	0	0	0	0	0	0	0	131145	0
229	1	0	7	1	50	100	40	0	0	0	0	0	0	0	0	0	0	129	0	0	0	5	0	0	1	0	0	100	0	0	131145	37
230	1	0	2	0	0	100	20	0	0	0	0	0	0	0	0	0	0	24	0	0	5	7	0	0	-2	0	0	0	0	0	131160	5
231	1	8	6	1	100	75	15	0	0	0	0	0	0	0	0	0	0	69	0	0	0	2	0	0	-1	0	0	30	0	0	131145	43
232	1	8	7	1	50	95	35	0	0	0	0	0	0	0	0	0	0	139	0	0	0	1	0	0	1	0	0	10	0	0	131145	37
233	1	1	0	1	70	101	10	-1	0	0	0	0	0	0	0	0	0	78	0	0	0	0	0	0	0	0	0	0	0	0	131145	37
234	1	0	3	0	0	101	5	0	0	0	0	0	0	0	0	0	0	132	0	50	7	0	0	0	0	0	0	0	0	0	135200	16
235	1	11	3	0	0	101	5	0	0	0	0	0	0	0	0	0	0	132	0	50	7	0	0	0	0	0	0	0	0	0	135200	16
236	1	17	3	0	0	101	5	0	0	0	0	0	0	0	0	0	0	132	0	50	7	0	0	0	0	0	0	0	0	0	135200	16
237	1	0	0	2	60	100	15	0	0	0	0	0	0	0	0	0	0	135	0	0	0	0	0	0	0	0	0	0	0	0	131144	48
238	1	1	0	1	100	80	5	0	0	0	0	0	0	0	0	1	0	43	0	0	0	0	0	0	0	0	0	0	0	0	131145	42
239	1	15	0	2	40	100	20	0	0	0	0	0	0	0	0	0	20	146	0	0	5	0	0	0	0	0	0	0	0	0	131144	34
240	1	10	10	0	0	101	5	0	0	0	0	0	0	0	0	0	0	136	0	0	10	0	0	0	0	0	0	0	0	0	131072	23
241	1	9	10	0	0	101	5	0	0	0	0	0	0	0	0	0	0	137	0	0	10	0	0	0	0	0	0	0	0	0	131072	23
242	1	16	6	1	80	100	15	0	0	0	0	0	0	0	0	0	0	69	0	0	0	2	0	0	-1	0	0	20	0	0	131145	38
243	1	13	0	2	1	100	20	-5	0	0	0	0	0	0	0	0	0	144	0	0	13	0	0	0	0	0	0	0	0	0	8	48
244	1	0	13	0	0	101	10	0	0	0	0	0	0	0	0	0	0	143	0	0	0	0	0	0	0	0	0	0	0	0	172032	9
245	1	0	0	1	80	100	5	2	0	0	0	0	0	0	0	0	0	103	0	0	0	0	0	0	0	0	0	0	0	0	131145	38
246	1	5	7	2	60	100	5	0	0	0	0	0	0	0	0	0	0	140	0	0	0	8	0	0	1	0	0	10	0	0	131144	40
247	1	7	6	2	80	100	15	0	0	0	0	0	0	0	0	0	0	72	0	0	0	4	0	0	-1	0	0	20	0	0	131144	41
248	1	13	13	2	120	100	10	0	0	0	0	0	0	0	0	0	0	148	0	0	0	0	0	0	0	0	0	0	0	0	131072	29
249	1	1	6	1	40	100	15	0	0	0	0	0	0	0	0	0	0	69	0	0	0	2	0	0	-1	0	0	50	0	0	131145	32
250	1	10	4	2	35	85	15	0	0	0	8	100	4	5	6	0	0	261	0	0	0	0	0	0	0	0	0	0	0	0	131144	22
251	1	16	0	1	1	100	10	0	6	6	0	0	0	0	0	0	0	154	0	0	0	0	0	0	0	0	0	0	0	0	163912	28
252	1	0	0	1	40	100	10	3	0	0	0	0	0	0	0	0	100	158	0	0	0	0	0	0	0	0	0	0	0	0	131145	32
253	1	0	0	2	90	100	10	0	0	0	0	0	0	0	0	0	0	159	0	0	9	0	0	0	0	0	0	0	0	0	139592	41
254	1	0	13	0	0	101	20	0	0	0	0	0	0	0	0	0	0	160	0	0	7	0	0	0	0	0	0	0	0	0	131104	9
255	1	0	0	2	1	100	10	0	0	0	0	0	0	0	0	0	0	161	0	0	0	0	0	0	0	0	0	0	0	0	131080	2
256	1	0	3	0	0	101	10	0	0	0	0	0	0	0	0	0	0	162	0	25	7	0	0	0	0	0	0	0	0	0	135200	15
257	1	9	4	2	95	90	10	0	0	0	4	10	1	0	0	0	0	4	0	0	5	0	0	0	0	0	0	0	0	0	131144	41
258	1	14	10	0	0	101	10	0	0	0	0	0	0	0	0	0	0	164	0	0	10	0	0	0	0	0	0	0	0	0	131072	23
259	1	16	1	0	0	100	15	0	0	0	12	0	1	0	0	0	0	165	0	0	0	0	0	0	0	0	0	0	0	0	139352	14
260	1	16	5	0	0	100	15	0	0	0	6	0	2	2	5	0	0	166	0	0	0	3	0	0	1	0	0	0	0	0	163928	14
261	1	9	1	0	0	85	15	0	0	0	4	0	1	0	0	0	0	167	0	0	0	0	0	0	0	0	0	0	0	0	131160	16
262	1	16	13	0	0	100	10	0	0	0	0	0	0	0	0	0	0	168	0	0	0	0	0	0	0	0	0	0	0	0	131144	11
263	1	0	0	1	70	100	20	0	0	0	0	0	0	0	0	0	0	169	0	0	0	0	0	0	0	0	0	0	0	0	131145	38
264	1	1	0	1	150	100	20	-3	0	0	0	0	0	0	0	0	0	170	0	0	0	0	0	0	0	0	0	0	0	0	137	44
265	0	0	0	1	70	100	10	0	0	0	0	0	0	0	0	0	0	171	0	0	0	0	0	0	0	0	0	0	0	0	131145	0
266	1	0	13	0	0	101	20	2	0	0	0	0	0	0	0	0	0	172	0	0	7	0	0	0	0	0	0	0	0	0	0	1
267	1	0	13	0	0	101	20	0	0	0	0	0	0	0	0	0	0	173	0	0	0	0	0	0	0	0	0	0	0	0	0	48
268	1	12	2	0	0	101	20	0	0	0	0	0	0	0	0	0	0	174	0	0	7	4	0	0	1	0	0	0	0	0	131104	7
269	1	16	13	0	0	100	20	0	0	0	0	0	0	0	0	0	0	175	0	0	0	0	0	0	0	0	0	0	0	0	139352	14
270	1	0	13	0	0	101	20	5	0	0	0	0	0	0	0	0	0	176	0	0	2	0	0	0	0	0	0	0	0	0	8192	10
271	1	13	13	0	0	100	10	0	0	0	0	0	0	0	0	0	0	177	0	0	0	0	0	0	0	0	0	0	0	0	32840	48
272	1	13	13	0	0	101	10	0	0	0	0	0	0	0	0	0	0	178	0	0	0	0	0	0	0	0	0	0	0	0	172032	1
273	1	0	13	0	0	101	10	0	0	0	0	0	0	0	0	0	0	179	0	0	7	0	0	0	0	0	0	0	0	0	135200	16
274	0	0	13	0	0	101	20	0	0	0	0	0	0	0	0	0	0	180	0	0	7	0	0	0	0	0	0	0	0	0	0	0
275	1	11	1	0	0	101	20	0	0	0	21	0	1	0	0	0	0	181	0	0	7	0	0	0	0	0	0	0	0	0	147488	15
276	1	1	7	1	120	100	5	0	0	0	0	0	0	0	0	0	0	182	0	0	0	1	2	0	-1	-1	0	100	100	0	131145	43
277	1	13	13	0	0	101	15	4	0	0	0	0	0	0	0	0	0	183	0	0	7	0	0	0	0	0	0	0	0	0	131072	11
278	1	0	13	0	0	101	10	0	0	0	0	0	0	0	0	0	0	184	0	0	7	0	0	0	0	0	0	0	0	0	131104	2
279	1	1	0	1	60	100	10	-4	0	0	0	0	0	0	0	0	0	185	0	0	0	0	0	0	0	0	0	0	0	0	131145	37
280	1	1	0	1	75	100	15	0	0	0	0	0	0	0	0	0	0	186	0	0	0	0	0	0	0	0	0	0	0	0	131145	38
281	1	0	1	0	0	101	10	0	0	0	14	0	2	2	2	0	0	187	0	0	0	0	0	0	0	0	0	0	0	0	131160	19
282	1	16	0	1	65	100	20	0	0	0	0	0	0	0	0	0	0	188	0	0	0	0	0	0	0	0	0	0	0	0	131145	38
283	1	0	0	1	1	100	5	0	0	0	0	0	0	0	0	0	0	189	0	0	0	0	0	0	0	0	0	0	0	0	131145	48
284	1	9	0	2	150	100	5	0	0	0	0	0	0	0	0	0	0	190	0	0	5	0	0	0	0	0	0	0	0	0	131144	47
285	1	13	13	0	0	101	10	0	0	0	0	0	0	0	0	0	0	191	0	0	0	0	0	0	0	0	0	0	0	0	172104	2
286	1	13	13	0	0	101	10	0	0	0	0	0	0	0	0	0	0	192	0	0	7	0	0	0	0	0	0	0	0	0	139296	13
287	0	0	13	0	0	101	20	0	0	0	0	0	0	0	0	0	0	193	0	0	7	0	0	0	0	0	0	0	0	0	131104	0
288	1	7	13	0	0	101	5	0	0	0	0	0	0	0	0	0	0	194	0	0	7	0	0	0	0	0	0	0	0	0	139264	13
289	0	16	13	0	0	101	10	4	0	0	0	0	0	0	0	0	0	195	0	0	7	0	0	0	0	0	0	0	0	0	8192	0
290	0	0	0	1	70	100	20	0	0	0	0	30	0	0	0	0	0	197	0	0	0	0	0	0	0	0	0	0	0	0	131144	0
291	1	10	0	1	80	100	10	0	0	0	0	0	0	0	0	0	0	255	0	0	0	0	0	0	0	0	0	0	0	0	180299	26
292	1	1	0	1	15	100	20	0	5	2	0	0	0	0	0	0	0	29	0	0	0	0	0	0	0	0	0	0	0	0	131145	26
293	0	0	13	0	0	101	20	0	0	0	0	0	0	0	0	0	0	213	0	0	7	0	0	0	0	0	0	0	0	0	131104	0
294	1	6	2	0	0	101	20	0	0	0	0	0	0	0	0	0	0	321	0	0	7	3	0	0	3	0	0	0	0	0	131104	11
295	1	13	6	2	70	100	5	0	0	0	0	0	0	0	0	0	0	72	0	0	0	4	0	0	-1	0	0	50	0	0	131144	44
296	1	13	6	2	70	100	5	0	0	0	0	0	0	0	0	0	0	71	0	0	0	3	0	0	-1	0	0	50	0	0	131144	47
297	1	2	2	0	0	100	15	0	0	0	0	0	0	0	0	0	0	58	0	0	0	1	0	0	-2	0	0	0	0	0	229464	5
298	1	0	1	0	0	100	20	0	0	0	6	0	2	2	5	0	0	199	0	0	4	0	0	0	0	0	0	0	0	0	196680	14
299	1	9	4	1	85	90	10	0	0	0	4	10	1	0	0	1	0	200	0	0	0	0	0	0	0	0	0	0	0	0	131145	43
300	0	4	10	0	0	101	15	0	0	0	0	0	0	0	0	0	0	201	0	0	10	0	0	0	0	0	0	0	0	0	147456	0
301	0	14	0	1	30	90	20	0	0	0	0	0	0	0	0	0	0	117	0	0	0	0	0	0	0	0	0	0	0	0	131145	0
302	0	11	0	1	60	100	15	0	0	0	0	0	0	0	0	0	30	31	0	0	0	0	0	0	0	0	0	0	0	0	131145	0
303	1	0	3	0	0	101	10	0	0	0	0	0	0	0	0	0	0	32	0	50	7	0	0	0	0	0	0	0	0	0	135200	16
304	1	0	0	2	90	100	10	0	0	0	0	0	0	0	0	0	0	0	0	0	5	0	0	0	0	0	0	0	0	0	139592	40
305	1	3	4	1	50	100	15	0	0	0	5	50	1	15	15	0	0	202	0	0	0	0	0	0	0	0	0	0	0	0	131145	37
306	1	0	6	1	75	95	10	0	0	0	0	0	0	0	0	0	0	69	0	0	0	2	0	0	-1	0	0	50	0	0	131145	38
307	1	9	0	2	150	90	5	0	0	0	0	0	0	0	0	0	0	80	0	0	0	0	0	0	0	0	0	0	0	0	131148	47
308	1	10	0	2	150	90	5	0	0	0	0	0	0	0	0	0	0	80	0	0	0	0	0	0	0	0	0	0	0	0	131148	47
309	1	8	7	1	90	90	10	0	0	0	0	0	0	0	0	0	0	139	0	0	0	1	0	0	1	0	0	20	0	0	131273	43
310	1	7	0	1	30	100	15	0	0	0	0	0	0	0	0	0	30	31	0	0	0	0	0	0	0	0	0	0	0	0	131145	31
311	1	0	0	2	50	100	10	0	0	0	0	0	0	0	0	0	0	203	0	0	0	0	0	0	0	0	0	0	0	0	131144	33
312	1	11	13	0	0	101	5	0	0	0	0	0	0	0	0	0	0	102	0	0	6	0	0	0	0	0	0	0	0	0	133152	17
313	1	16	2	0	0	100	20	0	0	0	0	0	0	0	0	0	0	62	0	0	0	4	0	0	-2	0	0	0	0	0	163928	5
314	1	2	0	2	60	95	25	0	0	0	0	0	0	0	0	1	0	43	0	0	5	0	0	0	0	0	0	0	0	0	131144	39
315	1	9	7	2	130	90	5	0	0	0	0	0	0	0	0	0	0	204	0	0	0	3	0	0	-2	0	0	100	0	0	131144	46
316	0	0	1	0	0	101	40	0	0	0	17	0	1	0	0	0	0	113	0	0	0	0	0	0	0	0	0	0	0	0	172120	0
317	1	5	6	1	60	95	15	0	0	0	0	0	0	0	0	0	0	70	0	0	0	5	0	0	-1	0	0	100	0	0	131144	38
318	0	6	7	2	60	100	5	0	0	0	0	0	0	0	0	0	0	140	0	0	0	8	0	0	1	0	0	10	0	0	131144	0
319	1	8	2	0	0	85	40	0	0	0	0	0	0	0	0	0	0	62	0	0	0	4	0	0	-2	0	0	0	0	0	172376	5
320	0	11	1	0	0	55	15	0	0	0	2	0	2	2	4	0	0	1	0	0	0	0	0	0	0	0	0	0	0	0	139608	0
321	1	0	2	0	0	100	20	0	0	0	0	0	0	0	0	0	0	205	0	0	0	1	2	0	-1	-1	0	0	0	0	163928	5
322	1	13	2	0	0	101	20	0	0	0	0	0	0	0	0	0	0	206	0	0	7	2	4	0	1	1	0	0	0	0	131104	8
323	1	10	0	2	150	100	5	0	0	0	0	0	0	0	0	0	0	190	0	0	5	0	0	0	0	0	0	0	0	0	131144	47
324	0	6	4	2	75	100	15	0	0	0	6	10	2	2	5	0	0	76	0	0	0	0	0	0	0	0	0	0	0	0	131144	0
325	1	7	0	1	60	101	20	0	0	0	0	0	0	0	0	0	0	17	0	0	0	0	0	0	0	0	0	0	0	0	131273	36
326	1	13	0	2	80	100	20	0	0	0	0	0	0	0	0	0	10	31	0	0	0	0	0	0	0	0	0	0	0	0	131144	41
327	0	1	0	1	85	90	15	0	0	0	0	0	0	0	0	0	0	207	0	0	0	0	0	0	0	0	0	0	0	0	131273	0
328	1	4	4	1	35	85	15	0	0	0	8	100	4	5	6	0	0	42	0	0	0	0	0	0	0	0	0	0	0	0	131144	22
329	1	14	9	2	1	30	5	0	0	0	0	0	0	0	0	0	0	38	0	0	0	0	0	0	0	0	0	0	0	0	131144	2
330	1	10	6	2	90	85	10	0	0	0	0	0	0	0	0	0	0	73	0	0	5	6	0	0	-1	0	0	30	0	0	147528	41
331	1	11	0	1	25	100	30	0	5	2	0	0	0	0	0	0	0	29	0	0	0	0	0	0	0	0	0	0	0	0	131144	29
332	1	2	0	1	60	101	20	0	0	0	0	0	0	0	0	0	0	17	0	0	0	0	0	0	0	0	0	0	0	0	133193	37
333	1	14	0	1	25	100	30	0	5	2	0	0	0	0	0	0	0	29	0	0	0	0	0	0	0	0	0	0	0	0	131144	28
334	1	8	2	0	0	101	15	0	0	0	0	0	0	0	0	0	0	51	0	0	7	2	0	0	2	0	0	0	0	0	131104	8
335	1	0	13	0	0	101	5	0	0	0	0	0	0	0	0	0	0	106	0	0	0	0	0	0	0	0	0	0	0	0	131152	3
336	1	0	2	0	0	101	40	0	0	0	0	0	0	0	0	0	0	10	0	0	6	1	0	0	1	0	0	0	0	0	131360	8
337	1	15	0	1	80	100	15	0	0	0	0	0	0	0	0	0	0	0	0	0	0	0	0	0	0	0	0	0	0	0	131145	38
338	1	11	0	2	150	90	5	0	0	0	0	0	0	0	0	0	0	80	0	0	0	0	0	0	0	0	0	0	0	0	147532	47
339	1	1	2	0	0	101	20	0	0	0	0	0	0	0	0	0	0	208	0	0	7	1	2	0	1	1	0	0	0	0	131104	9
340	1	2	4	1	85	85	5	0	0	0	1	30	1	0	0	0	0	263	0	0	0	0	0	0	0	0	0	0	0	0	133707	26
341	1	4	6	2	55	95	15	0	0	0	0	0	0	0	0	0	0	70	0	0	0	5	0	0	-1	0	0	100	0	0	131144	40
342	1	3	4	1	50	100	25	0	0	0	5	10	1	0	0	1	0	209	0	0	0	0	0	0	0	0	0	0	0	0	131145	37
343	1	0	0	1	60	100	25	0	0	0	0	0	0	0	0	0	0	105	0	0	0	0	0	0	0	0	0	0	0	0	73	37
344	1	12	4	1	120	100	15	0	0	0	1	10	1	0	0	0	0	262	-33	0	0	0	0	0	0	0	0	0	0	0	131145	44
345	1	11	0	2	60	101	20	0	0	0	0	0	0	0	0	0	0	17	0	0	0	0	0	0	0	0	0	0	0	0	131144	39
346	0	10	10	0	0	101	15	0	0	0	0	0	0	0	0	0	0	210	0	0	10	0	0	0	0	0	0	0	0	0	147456	0
347	1	13	2	0	0	101	20	0	0	0	0	0	0	0	0	0	0	211	0	0	7	3	4	0	1	1	0	0	0	0	131104	9
348	1	11	0	1	90	100	15	0	0	0	0	0	0	0	0	1	0	43	0	0	0	0	0	0	0	0	0	0	0	0	131145	42
349	1	15	2	0	0	101	20	0	0	0	0	0	0	0	0	0	0	212	0	0	7	1	5	0	1	1	0	0	0	0	196640	8
350	1	5	0	1	25	90	10	0	5	2	0	0	0	0	0	0	0	29	0	0	0	0	0	0	0	0	0	0	0	0	131144	28
351	1	12	0	2	60	101	20	0	0	0	0	0	0	0	0	0	0	17	0	0	0	0	0	0	0	0	0	0	0	0	131144	40
352	1	10	4	2	60	100	20	0	0	0	6	20	2	2	5	0	0	76	0	0	0	0	0	0	0	0	0	0	0	0	133192	41
353	1	8	13	2	140	100	5	0	0	0	0	0	0	0	0	0	0	148	0	0	0	0	0	0	0	0	0	0	0	0	131072	47
354	1	13	7	2	140	90	5	0	0	0	0	0	0	0	0	0	0	204	0	0	0	3	0	0	-2	0	0	100	0	0	131144	47
355	1	2	3	0	0	101	10	0	0	0	0	0	0	0	0	0	0	214	0	50	7	0	0	0	0	0	0	0	0	0	135200	17
356	1	13	10	0	0	101	5	0	0	0	0	0	0	0	0	0	0	215	0	0	10	0	0	0	0	0	0	0	0	0	147456	23
357	0	13	1	0	0	101	40	0	0	0	17	0	1	0	0	0	0	216	0	0	0	0	0	0	0	0	0	0	0	0	139352	0
358	0	1	0	1	70	100	10	0	0	0	0	0	0	0	0	0	0	217	0	0	0	0	0	0	0	0	0	0	0	0	131145	0
359	1	1	7	1	100	90	10	0	0	0	0	0	0	0	0	0	0	218	0	0	0	5	0	0	-1	0	0	100	0	0	131273	42
360	1	8	0	1	1	100	5	0	0	0	0	0	0	0	0	0	0	219	0	0	0	0	0	0	0	0	0	0	0	0	131145	48
361	1	13	13	0	0	101	10	0	0	0	0	0	0	0	0	0	0	220	0	0	7	0	0	0	0	0	0	0	0	0	135200	17
362	1	10	0	2	65	100	10	0	0	0	0	0	0	0	0	0	0	221	0	0	0	0	0	0	0	0	0	0	0	0	131144	40
363	0	0	0	1	1	100	15	0	0	0	0	0	0	0	0	0	0	222	0	0	0	0	0	0	0	0	0	0	0	0	131144	0
364	1	0	0	1	30	100	10	2	0	0	0	0	0	0	0	0	0	223	0	0	0	0	0	0	0	0	0	0	0	0	64	32
365	1	2	0	1	60	100	20	0	0	0	0	0	0	0	0	0	0	224	0	0	0	0	0	0	0	0	0	0	0	0	133193	38
366	1	2	11	0	0	101	15	0	0	0	0	0	0	0	0	0	0	225	0	0	12	0	0	0	0	0	0	0	0	0	131104	23
367	1	0	13	0	0	101	30	0	0	0	0	0	0	0	0	0	0	226	0	0	1	0	0	0	0	0	0	0	0	0	131072	10
368	1	8	0	1	1	100	10	0	0	0	0	0	0	0	0	0	0	227	0	0	13	0	0	0	0	0	0	0	0	0	131144	48
369	1	6	0	1	70	100	20	0	0	0	0	0	0	0	0	0	0	228	0	0	0	0	0	0	0	0	0	0	0	0	131145	38
370	1	1	7	1	120	100	5	0	0	0	0	0	0	0	0	0	0	229	0	0	0	2	4	0	-1	-1	0	100	100	0	131145	43
371	1	16	0	1	50	100	10	0	0	0	0	0	0	0	0	0	0	230	0	0	0	0	0	0	0	0	0	0	0	0	131145	38
372	1	16	0	1	60	100	10	0	0	0	0	0	0	0	0	0	0	231	0	0	0	0	0	0	0	0	0	0	0	0	131145	37
373	0	16	1	0	0	100	15	0	0	0	19	0	2	5	5	0	0	232	0	0	0	0	0	0	0	0	0	0	0	0	131160	0
374	1	16	0	1	1	100	10	0	0	0	0	0	0	0	0	0	0	233	0	0	0	0	0	0	0	0	0	0	0	0	163912	48
375	1	13	13	0	0	100	10	0	0	0	0	0	0	0	0	0	0	234	0	0	0	0	0	0	0	0	0	0	0	0	131144	16
376	0	0	0	2	1	101	5	0	0	0	0	0	0	0	0	0	0	235	0	0	0	0	0	0	0	0	0	0	0	0	131145	0
377	0	13	1	0	0	100	15	0	0	0	15	0	2	5	5	0	0	236	0	0	5	0	0	0	0	0	0	0	0	0	131160	0
378	0	0	0	2	1	100	5	0	0	0	0	0	0	0	0	0	0	237	0	0	0	0	0	0	0	0	0	0	0	0	131145	0
379	1	13	13	0	0	101	10	0	0	0	0	0	0	0	0	0	0	238	0	0	7	0	0	0	0	0	0	0	0	0	131104	2
380	1	3	13	0	0	100	10	0	0	0	0	0	0	0	0	0	0	239	0	0	0	0	0	0	0	0	0	0	0	0	163928	1
381	0	0	11	0	0	101	30	0	0	0	0	0	0	0	0	0	0	240	0	0	12	0	0	0	0	0	0	0	0	0	131104	0
382	0	0	0	0	1	101	20	0	0	0	0	0	0	0	0	0	0	241	0	0	3	0	0	0	0	0	0	0	0	0	8200	0
383	1	0	13	0	0	101	20	0	0	0	0	0	0	0	0	0	0	242	0	0	7	0	0	0	0	0	0	0	0	0	0	1
384	1	13	13	0	0	101	10	0	0	0	0	0	0	0	0	0	0	243	0	0	0	0	0	0	0	0	0	0	0	0	172104	2
385	1	13	13	0	0	101	10	0	0	0	0	0	0	0	0	0	0	244	0	0	0	0	0	0	0	0	0	0	0	0	172104	2
386	0	16	0	1	1	100	5	0	0	0	0	0	0	0	0	0	0	245	0	0	0	0	0	0	0	0	0	0	0	0	131145	0
387	1	0	0	1	140	100	5	0	0	0	0	0	0	0	0	0	0	246	0	0	0	0	0	0	0	0	0	0	0	0	131145	43
388	1	11	13	0	0	100	10	0	0	0	0	0	0	0	0	0	0	247	0	0	0	0	0	0	0	0	0	0	0	0	163928	1
389	1	16	0	1	70	100	5	1	0	0	0	0	0	0	0	0	0	248	0	0	0	0	0	0	0	0	0	0	0	0	131145	38
390	1	3	11	0	0	101	20	0	0	0	0	0	0	0	0	0	0	249	0	0	11	0	0	0	0	0	0	0	0	0	147472	14
391	1	13	13	0	0	101	10	0	0	0	0	0	0	0	0	0	0	250	0	0	0	0	0	0	0	0	0	0	0	0	172104	11
392	1	10	13	0	0	101	20	0	0	0	0	0	0	0	0	0	0	251	0	0	7	0	0	0	0	0	0	0	0	0	131104	15
393	1	12	13	0	0	101	10	0	0	0	0	0	0	0	0	0	0	252	0	0	7	0	0	0	0	0	0	0	0	0	131616	1
394	1	9	4	1	120	100	15	0	0	0	4	10	1	0	0	0	0	253	-33	0	0	0	0	0	0	0	0	0	0	0	132169	43
395	1	1	4	1	60	100	10	0	0	0	1	30	1	0	0	0	0	6	0	0	0	0	0	0	0	0	0	0	0	0	131145	37
396	1	1	0	2	80	101	20	0	0	0	0	0	0	0	0	0	0	17	0	0	0	0	0	0	0	0	0	0	0	0	133192	41
397	1	5	2	0	0	101	20	0	0	0	0	0	0	0	0	0	0	52	0	0	7	5	0	0	2	0	0	0	0	0	131104	9
398	1	3	4	1	80	100	20	0	0	0	5	30	1	0	0	0	0	2	0	0	0	0	0	0	0	0	0	0	0	0	131145	38
399	1	16	0	2	80	100	15	0	0	0	0	0	0	0	0	0	20	31	0	0	0	0	0	0	0	0	0	0	0	0	133192	41
400	1	16	0	1	70	100	15	0	0	0	0	0	0	0	0	1	0	43	0	0	0	0	0	0	0	0	0	0	0	0	131145	37
401	1	10	0	1	90	90	10	0	0	0	0	0	0	0	0	0	0	0	0	0	0	0	0	0	0	0	0	0	0	0	131145	42
402	1	11	0	1	80	100	15	0	0	0	0	0	0	0	0	0	0	0	0	0	0	0	0	0	0	0	0	0	0	0	131144	37
403	1	2	0	2	75	95	15	0	0	0	0	0	0	0	0	0	30	31	0	0	0	0	0	0	0	0	0	0	0	0	133192	41
404	1	6	0	1	80	100	15	0	0	0	0	0	0	0	0	0	0	0	0	0	0	0	0	0	0	0	0	0	0	0	131145	38
405	1	6	6	2	90	100	10	0	0	0	0	0	0	0	0	0	0	72	0	0	0	4	0	0	-1	0	0	10	0	0	139592	41
406	1	15	0	2	85	100	10	0	0	0	0	0	0	0	0	0	0	0	0	0	0	0	0	0	0	0	0	0	0	0	133192	41
407	1	15	0	1	100	75	10	0	0	0	0	0	0	0	0	0	20	31	0	0	0	0	0	0	0	0	0	0	0	0	131145	43
408	1	5	0	2	80	100	20	0	0	0	0	0	0	0	0	0	0	0	0	0	0	0	0	0	0	0	0	0	0	0	131144	40
409	1	1	8	1	75	100	10	0	0	0	0	0	0	0	0	0	0	3	50	0	0	0	0	0	0	0	0	0	0	0	135369	38
410	1	1	0	2	40	100	30	1	0	0	0	0	0	0	0	0	0	103	0	0	0	0	0	0	0	0	0	0	0	0	131144	35
411	1	1	6	2	120	70	5	0	0	0	0	0	0	0	0	0	0	72	0	0	0	4	0	0	-1	0	0	10	0	0	131144	46
412	1	11	6	2	90	100	10	0	0	0	0	0	0	0	0	0	0	72	0	0	0	4	0	0	-1	0	0	10	0	0	131144	41
413	1	2	0	1	120	100	15	0	0	0	0	0	0	0	0	0	0	198	-33	0	0	0	0	0	0	0	0	0	0	0	133193	43
414	1	4	6	2	90	100	10	0	0	0	0	0	0	0	0	0	0	72	0	0	0	4	0	0	-1	0	0	10	0	0	147528	41
415	1	16	13	0	0	100	10	0	0	0	0	0	0	0	0	0	0	177	0	0	0	0	0	0	0	0	0	0	0	0	32840	0
416	1	0	0	1	150	90	5	0	0	0	0	0	0	0	0	0	0	80	0	0	0	0	0	0	0	0	0	0	0	0	131149	44
417	1	16	2	0	0	101	20	0	0	0	0	0	0	0	0	0	0	53	0	0	7	3	0	0	2	0	0	0	0	0	131104	9
418	1	8	0	1	40	100	30	1	0	0	0	0	0	0	0	0	0	103	0	0	0	0	0	0	0	0	0	0	0	0	131273	32
419	1	14	0	1	60	100	10	-4	0	0	0	0	0	0	0	0	0	185	0	0	0	0	0	0	0	0	0	0	0	0	131145	37
420	1	14	0	1	40	100	30	1	0	0	0	0	0	0	0	0	0	103	0	0	0	0	0	0	0	0	0	0	0	0	131144	32
421	1	7	0	1	70	100	15	0	0	0	0	0	0	0	0	1	0	43	0	0	0	0	0	0	0	0	0	0	0	0	131145	38
422	1	12	4	1	65	95	15	0	0	0	1	10	1	0	0	0	10	275	0	0	0	0	0	0	0	0	0	0	0	0	131145	38
423	1	14	4	1	65	95	15	0	0	0	3	10	1	0	0	0	10	274	0	0	0	0	0	0	0	0	0	0	0	0	131145	38
424	1	9	4	1	65	95	15	0	0	0	4	10	1	0	0	0	10	273	0	0	0	0	0	0	0	0	0	0	0	0	131145	38
425	1	7	0	1	40	100	30	1	0	0	0	0	0	0	0	0	0	103	0	0	0	0	0	0	0	0	0	0	0	0	131145	32
426	0	4	6	2	65	85	10	0	0	0	0	0	0	0	0	0	0	73	0	0	0	6	0	0	-1	0	0	30	0	0	131144	0
427	1	13	0	1	70	100	20	0	0	0	0	0	0	0	0	1	0	43	0	0	0	0	0	0	0	0	0	0	0	0	131144	37
428	1	13	0	1	80	90	15	0	0	0	0	0	0	0	0	0	20	31	0	0	0	0	0	0	0	0	0	0	0	0	131145	38
429	0	8	6	2	65	85	10	0	0	0	0	0	0	0	0	0	0	73	0	0	0	6	0	0	-1	0	0	30	0	0	131144	0
430	1	8	6	2	80	100	10	0	0	0	0	0	0	0	0	0	0	72	0	0	0	4	0	0	-1	0	0	10	0	0	131144	41
431	1	0	4	1	90	85	20	0	0	0	6	20	2	2	5	0	0	76	0	0	0	0	0	0	0	0	0	0	0	0	131145	43
432	1	2	13	0	0	101	15	0	0	0	0	0	0	0	0	0	0	258	0	0	0	0	0	0	0	0	0	0	0	0	139352	5
433	1	13	10	0	0	101	5	-7	0	0	0	0	0	0	0	0	0	259	0	0	10	0	0	0	0	0	0	0	0	0	131136	23
434	1	15	7	2	130	90	5	0	0	0	0	0	0	0	0	0	0	204	0	0	0	3	0	0	-2	0	0	100	0	0	131144	46
435	1	12	4	2	80	100	15	0	0	0	1	30	1	0	0	0	0	6	0	0	4	0	0	0	0	0	0	0	0	0	131144	41
436	1	9	4	2	80	100	15	0	0	0	4	30	1	0	0	0	0	4	0	0	4	0	0	0	0	0	0	0	0	0	131144	41
437	1	11	7	2	130	90	5	0	0	0	0	0	0	0	0	0	0	204	0	0	0	3	0	0	-2	0	0	100	0	0	131144	46
438	1	11	0	1	120	85	10	0	0	0	0	0	0	0	0	0	0	0	0	0	0	0	0	0	0	0	0	0	0	0	131145	43
439	1	5	0	1	150	90	5	0	0	0	0	0	0	0	0	0	0	80	0	0	0	0	0	0	0	0	0	0	0	0	131148	44
440	1	3	4	1	70	100	20	0	0	0	5	10	1	0	0	1	0	209	0	0	0	0	0	0	0	0	0	0	0	0	131145	38
441	1	3	4	1	120	80	5	0	0	0	5	30	1	0	0	0	0	2	0	0	0	0	0	0	0	0	0	0	0	0	131144	43
442	1	8	0	1	80	100	15	0	0	0	0	0	0	0	0	0	30	31	0	0	0	0	0	0	0	0	0	0	0	0	131145	38
443	0	8	0	1	60	101	20	0	0	0	0	0	0	0	0	0	0	17	0	0	0	0	0	0	0	0	0	0	0	0	131144	0
444	1	5	0	1	100	80	5	0	0	0	0	0	0	0	0	1	0	43	0	0	0	0	0	0	0	0	0	0	0	0	131144	43
445	0	0	2	0	0	100	20	0	0	0	0	0	0	0	0	0	0	265	0	0	5	3	0	0	-2	0	0	0	0	0	131160	0
446	1	5	11	0	0	101	20	0	0	0	0	0	0	0	0	0	0	266	0	0	11	0	0	0	0	0	0	0	0	0	131088	14
447	1	11	0	2	1	100	20	0	0	0	0	0	0	0	0	0	0	196	0	0	0	0	0	0	0	0	0	0	0	0	147529	48
448	1	2	4	2	65	100	20	0	0	0	6	100	2	2	5	0	0	267	0	0	0	0	0	0	0	0	0	0	0	0	10568	41
449	1	0	0	2	100	100	10	0	0	0	0	0	0	0	0	0	0	268	0	0	0	0	0	0	0	0	0	0	0	0	131144	47
450	1	6	0	1	60	100	20	0	0	0	0	0	0	0	0	0	0	224	0	0	0	0	0	0	0	0	0	0	0	0	131145	37
451	1	12	7	2	50	90	10	0	0	0	0	0	0	0	0	0	0	276	0	0	0	3	0	0	1	0	0	70	0	0	131144	35
452	1	11	0	1	120	100	15	0	0	0	0	0	0	0	0	0	0	198	-33	0	0	0	0	0	0	0	0	0	0	0	131145	43
453	1	10	0	1	40	100	20	1	0	0	0	0	0	0	0	0	0	103	0	0	0	0	0	0	0	0	0	0	0	0	131145	32
454	1	6	0	1	90	100	15	0	0	0	0	0	0	0	0	1	0	43	0	0	0	0	0	0	0	0	0	0	0	0	131144	42
455	1	6	2	0	0	101	10	0	0	0	0	0	0	0	0	0	0	206	0	0	7	2	4	0	1	1	0	0	0	0	131104	11
456	0	6	3	0	0	101	10	0	0	0	0	0	0	0	0	0	0	32	0	50	7	0	0	0	0	0	0	0	0	0	135200	0
457	1	5	0	1	150	80	5	0	0	0	0	0	0	0	0	0	0	269	-50	0	0	0	0	0	0	0	0	0	0	0	131145	44
458	1	0	0	1	35	90	10	0	2	2	0	0	0	0	0	0	0	44	0	0	0	0	0	0	0	0	0	0	0	0	131145	24
459	1	15	0	2	150	90	5	0	0	0	0	0	0	0	0	0	0	80	0	0	0	0	0	0	0	0	0	0	0	0	131148	47
460	1	15	0	2	100	95	5	0	0	0	0	0	0	0	0	1	0	43	0	0	0	0	0	0	0	0	0	0	0	0	131144	47
461	1	13	13	0	0	101	10	0	0	0	0	0	0	0	0	0	0	270	0	0	7	0	0	0	0	0	0	0	0	0	200736	11
462	1	0	0	1	1	100	5	0	0	0	0	0	0	0	0	0	0	237	0	0	0	0	0	0	0	0	0	0	0	0	131145	44
463	1	9	4	2	100	75	5	0	0	0	8	100	4	5	6	0	0	42	0	0	0	0	0	0	0	0	0	0	0	0	131144	29
464	1	16	1	0	0	50	10	0	0	0	2	0	2	2	4	0	0	1	0	0	5	0	0	0	0	0	0	0	0	0	131160	20
465	1	11	6	2	120	85	5	0	0	0	0	0	0	0	0	0	0	271	0	0	0	4	0	0	-2	0	0	40	0	0	131144	47
466	0	7	7	2	60	100	5	0	0	0	0	10	0	0	0	0	0	140	0	0	0	8	0	0	1	0	0	10	0	0	131144	0
467	1	7	0	1	120	100	5	0	0	0	0	0	0	0	0	0	0	272	0	0	0	0	0	0	0	0	0	0	0	0	131139	29
468	1	16	2	0	0	101	15	0	0	0	0	0	0	0	0	0	0	277	0	0	7	1	6	0	1	1	0	0	0	0	131104	8
469	1	5	11	0	0	101	10	3	0	0	0	0	0	0	0	0	0	278	0	0	12	0	0	0	0	0	0	0	0	0	32	17
470	1	13	13	0	0	101	10	0	0	0	0	0	0	0	0	0	0	279	0	0	0	0	0	0	0	0	0	0	0	0	163848	0
471	1	13	13	0	0	101	10	0	0	0	0	0	0	0	0	0	0	280	0	0	0	0	0	0	0	0	0	0	0	0	163848	0
472	1	13	10	0	0	101	10	0	0	0	0	0	0	0	0	0	0	281	0	0	10	0	0	0	0	0	0	0	0	0	131136	23
473	1	13	0	2	80	100	10	0	0	0	0	0	0	0	0	0	0	282	0	0	0	0	0	0	0	0	0	0	0	0	131144	40
474	1	3	0	2	65	100	10	0	0	0	0	0	0	0	0	0	0	283	0	0	0	0	0	0	0	0	0	0	0	0	131144	39
475	1	8	2	0	0	101	15	0	0	0	0	0	0	0	0	0	0	284	0	0	7	5	0	0	2	0	0	0	0	0	131104	7
476	1	6	13	0	0	101	20	2	0	0	0	0	0	0	0	0	0	172	0	0	7	0	0	0	0	0	0	0	0	0	0	1
477	0	13	1	0	0	101	15	0	0	0	65535	0	2	3	3	0	0	285	0	0	0	0	0	0	0	0	0	0	0	0	164440	0
478	1	13	10	0	0	101	10	0	0	0	0	0	0	0	0	0	0	286	0	0	10	0	0	0	0	0	0	0	0	0	131136	23
479	1	5	0	1	50	100	15	0	0	0	65535	100	1	0	0	0	0	287	0	0	0	0	0	0	0	0	0	0	0	0	147528	37
480	1	1	0	1	60	100	10	0	0	0	0	0	0	0	0	6	0	288	0	0	0	0	0	0	0	0	0	0	0	0	131145	37
481	0	9	0	2	70	100	15	0	0	0	0	0	0	0	0	0	0	289	0	0	0	0	0	0	0	0	0	0	0	0	131144	0
482	1	3	4	2	95	100	10	0	0	0	5	10	1	0	0	0	0	2	0	0	4	0	0	0	0	0	0	0	0	0	131144	41
483	1	6	2	0	0	101	20	0	0	0	0	0	0	0	0	0	0	290	0	0	7	3	4	5	1	1	1	0	0	0	196640	10
484	1	8	0	1	1	100	10	0	0	0	0	0	0	0	0	0	0	291	0	0	0	0	0	0	0	0	0	0	0	0	147529	48
485	0	13	0	2	120	100	10	0	0	0	0	0	0	0	0	0	0	292	0	0	4	0	0	0	0	0	0	0	0	0	131144	0
486	1	12	0	2	1	100	10	0	0	0	0	0	0	0	0	0	0	293	0	0	0	0	0	0	0	0	0	0	0	0	131144	48
487	1	10	13	0	0	100	20	0	0	0	0	0	0	0	0	0	0	294	0	0	0	0	0	0	0	0	0	0	0	0	163928	1
488	1	9	7	1	50	100	20	0	0	0	0	0	0	0	0	0	0	295	0	0	0	5	0	0	1	0	0	100	0	0	131145	37
489	1	3	2	0	0	101	20	0	0	0	0	0	0	0	0	0	0	322	0	0	7	1	2	6	1	1	1	0	0	0	131104	10
490	1	1	6	1	65	100	20	0	0	0	0	0	0	0	0	0	0	20	0	0	0	5	0	0	-1	0	0	100	0	0	131145	38
491	1	3	6	2	40	100	20	0	0	0	0	0	0	0	0	0	0	296	0	0	0	4	0	0	-2	0	0	100	0	0	131144	34
492	1	16	0	1	95	100	15	0	0	0	0	0	0	0	0	0	0	297	0	0	0	0	0	0	0	0	0	0	0	0	131145	42
493	1	0	13	0	0	100	15	0	0	0	0	0	0	0	0	0	0	298	0	0	0	0	0	0	0	0	0	0	0	0	163928	1
494	1	0	13	0	0	100	15	0	0	0	0	0	0	0	0	0	0	299	0	0	0	0	0	0	0	0	0	0	0	0	163928	1
495	1	0	13	0	0	101	15	0	0	0	0	0	0	0	0	0	0	300	0	0	0	0	0	0	0	0	0	0	0	0	40960	18
496	1	0	0	2	60	100	15	0	0	0	0	0	0	0	0	0	0	301	0	0	0	0	0	0	0	0	0	0	0	0	139592	39
497	1	0	0	2	40	100	15	0	0	0	0	0	0	0	0	0	0	302	0	0	0	0	0	0	0	0	0	0	0	0	139592	2
498	0	0	0	1	70	100	20	0	0	0	0	0	0	0	0	0	0	303	0	0	0	0	0	0	0	0	0	0	0	0	131145	0
499	1	3	0	2	50	101	15	0	0	0	0	0	0	0	0	0	0	304	0	0	0	0	0	0	0	0	0	0	0	0	131144	34
500	1	13	0	2	20	100	10	0	0	0	0	0	0	0	0	0	0	305	0	0	0	0	0	0	0	0	0	0	0	0	131144	33
501	1	1	11	0	0	101	15	3	0	0	0	0	0	0	0	0	0	306	0	0	12	0	0	0	0	0	0	0	0	0	32	17
502	1	13	13	0	0	101	15	2	0	0	0	0	0	0	0	0	0	307	0	0	7	0	0	0	0	0	0	0	0	0	131072	0
503	1	10	4	2	80	100	15	0	0	0	4	30	1	0	0	0	0	4	0	0	0	0	0	0	0	0	0	0	0	0	132168	41
504	1	0	13	0	0	101	15	0	0	0	0	0	0	0	0	0	0	308	0	0	7	0	0	0	0	0	0	0	0	0	131104	9
505	1	13	3	0	0	101	10	0	0	0	0	0	0	0	0	0	0	309	0	50	0	0	0	0	0	0	0	0	0	0	170008	16
506	1	7	0	2	65	100	10	0	0	0	0	0	0	0	0	0	0	310	0	0	0	0	0	0	0	0	0	0	0	0	131144	39
507	0	2	0	1	60	100	10	0	0	0	0	0	0	0	0	0	0	311	0	0	0	0	0	0	0	0	0	0	0	0	133707	0
508	0	8	2	0	0	101	10	0	0	0	0	0	0	0	0	0	0	312	0	0	7	5	1	0	2	1	0	0	0	0	131104	0
509	1	1	0	1	60	90	10	-6	0	0	0	0	0	0	0	0	0	313	0	0	0	0	0	0	0	0	0	0	0	0	131145	37
510	1	9	0	2	60	100	15	0	0	0	0	0	0	0	0	0	0	314	0	0	5	0	0	0	0	0	0	0	0	0	131144	40
511	1	16	13	0	0	100	15	0	0	0	0	0	0	0	0	0	0	315	0	0	0	0	0	0	0	0	0	0	0	0	72	18
512	1	2	0	1	55	100	15	0	0	0	0	0	0	0	0	0	0	317	0	0	0	0	0	0	0	0	0	0	0	0	133193	27
513	1	0	13	0	0	101	15	0	0	0	0	0	0	0	0	0	0	318	0	0	0	0	0	0	0	0	0	0	0	0	172040	1
514	1	0	0	1	70	100	5	0	0	0	0	0	0	0	0	0	0	319	0	0	0	0	0	0	0	0	0	0	0	0	131145	38
515	1	1	0	2	1	100	5	0	0	0	0	0	0	0	0	0	0	320	0	0	0	0	0	0	0	0	0	0	0	0	131080	48
516	0	0	13	0	0	101	15	0	0	0	0	0	0	0	0	0	0	323	0	0	0	0	0	0	0	0	0	0	0	0	41024	0
517	1	9	4	2	100	50	5	0	0	0	4	100	1	0	0	0	0	4	0	0	0	0	0	0	0	0	0	0	0	0	131144	46
518	0	10	0	2	80	100	10	0	0	0	0	0	0	0	0	0	0	324	0	0	0	0	0	0	0	0	0	0	0	0	147528	0
519	0	9	0	2	80	100	10	0	0	0	0	0	0	0	0	0	0	325	0	0	0	0	0	0	0	0	0	0	0	0	147528	0
520	0	11	0	2	80	100	10	0	0	0	0	0	0	0	0	0	0	326	0	0	0	0	0	0	0	0	0	0	0	0	147528	0
521	1	12	0	2	70	100	20	0	0	0	0	0	0	0	0	0	0	228	0	0	0	0	0	0	0	0	0	0	0	0	131144	41
522	1	6	6	2	50	100	20	0	0	0	0	0	0	0	0	0	0	71	0	0	5	3	0	0	-1	0	0	100	0	0	131144	34
523	1	4	6	1	60	100	20	0	0	0	0	0	0	0	0	0	0	70	0	0	4	5	0	0	-1	0	0	100	0	0	147528	38
524	1	14	0	2	60	90	10	0	0	0	0	100	0	0	0	6	0	288	0	0	0	0	0	0	0	0	0	0	0	0	131144	40
525	1	15	0	1	60	90	10	-6	0	0	0	0	0	0	0	0	0	313	0	0	0	0	0	0	0	0	0	0	0	0	131145	37
526	1	0	2	0	0	101	30	0	0	0	0	0	0	0	0	0	0	327	0	0	7	1	3	0	1	1	0	0	0	0	131104	9
527	0	12	6	2	55	95	15	0	0	0	0	0	0	0	0	0	0	20	0	0	5	5	0	0	-1	0	0	100	0	0	131144	0
528	1	12	0	1	90	100	15	0	0	0	0	0	0	0	0	0	0	48	-25	0	0	0	0	0	0	0	0	0	0	0	131145	42
529	1	4	0	1	80	95	10	0	0	0	0	0	0	0	0	1	0	43	0	0	0	0	0	0	0	0	0	0	0	0	131145	37
530	1	15	0	1	40	90	15	0	2	2	0	0	0	0	0	0	0	44	0	0	0	0	0	0	0	0	0	0	0	0	131145	24
531	0	13	0	1	60	100	25	0	0	0	0	0	0	0	0	0	30	31	0	0	0	0	0	0	0	0	0	0	0	0	131145	0
532	0	11	8	1	75	100	10	0	0	0	0	0	0	0	0	0	0	3	50	0	0	0	0	0	0	0	0	0	0	0	135241	0
533	0	1	0	1	90	100	15	0	0	0	0	0	0	0	0	0	0	303	0	0	0	0	0	0	0	0	0	0	0	0	131145	0
534	1	10	6	1	75	95	10	0	0	0	0	0	0	0	0	0	0	69	0	0	0	2	0	0	-1	0	0	50	0	0	131145	38
535	0	9	0	1	1	100	10	0	0	0	0	0	0	0	0	0	0	291	0	0	0	0	0	0	0	0	0	0	0	0	147529	0
536	1	11	6	2	65	90	10	0	0	0	0	0	0	0	0	0	0	73	0	0	0	6	0	0	-1	0	0	50	0	0	131144	40
537	0	6	0	1	65	100	20	0	0	0	0	0	0	0	0	0	30	150	0	0	0	0	0	0	0	0	0	0	0	0	131145	0
538	1	11	2	0	0	101	10	0	0	0	0	0	0	0	0	0	0	328	0	0	7	2	0	0	3	0	0	0	0	0	131104	10
539	0	16	6	2	85	95	10	0	0	0	0	0	0	0	0	0	0	73	0	0	0	6	0	0	-1	0	0	40	0	0	131144	0
540	1	13	0	2	100	100	10	0	0	0	0	0	0	0	0	0	0	282	0	0	0	0	0	0	0	0	0	0	0	0	131144	47
541	0	0	0	1	25	85	10	0	5	2	0	0	0	0	0	0	0	29	0	0	0	0	0	0	0	0	0	0	0	0	131145	0
542	1	2	4	2	110	70	10	0	0	0	6	30	2	2	5	0	0	333	0	0	0	0	0	0	0	0	0	0	0	0	133192	46
543	0	0	0	1	120	100	15	0	0	0	0	0	0	0	0	0	0	48	-25	0	0	0	0	0	0	0	0	0	0	0	131145	0
544	0	8	0	1	50	85	15	0	2	2	0	0	0	0	0	0	0	44	0	0	0	0	0	0	0	0	0	0	0	0	131145	0
545	0	9	4	2	100	100	5	0	0	0	4	30	1	0	0	0	0	4	0	0	4	0	0	0	0	0	0	0	0	0	131144	0
546	0	0	0	2	120	100	5	0	0	0	0	0	0	0	0	0	0	268	0	0	0	0	0	0	0	0	0	0	0	0	72	0
547	0	0	4	2	75	100	10	0	0	0	2	10	2	2	4	0	0	329	0	0	5	0	0	0	0	0	0	0	0	0	8520	0
548	0	1	0	2	85	100	10	0	0	0	0	0	0	0	0	0	0	282	0	0	0	0	0	0	0	0	0	0	0	0	72	0
549	0	14	6	2	65	95	10	0	0	0	0	0	0	0	0	0	0	330	0	0	5	5	0	0	-1	0	0	100	0	0	131144	0
550	0	12	4	1	130	85	5	0	0	0	1	20	1	0	0	0	0	6	0	0	0	0	0	0	0	0	0	0	0	0	131145	0
551	0	9	4	2	130	85	5	0	0	0	4	20	1	0	0	0	0	4	0	0	0	0	0	0	0	0	0	0	0	0	131144	0
552	0	9	7	2	80	100	10	0	0	0	0	0	0	0	0	0	0	276	0	0	0	3	0	0	1	0	0	50	0	0	196680	0
553	0	14	4	1	140	90	5	0	0	0	1	30	1	0	0	0	0	331	0	0	0	0	0	0	0	0	0	0	0	0	74	0
554	0	14	4	2	140	90	5	0	0	0	4	30	1	0	0	0	0	332	0	0	0	0	0	0	0	0	0	0	0	0	74	0
555	1	16	6	2	55	95	15	0	0	0	0	0	0	0	0	0	0	71	0	0	5	3	0	0	-1	0	0	100	0	0	8520	41
556	1	14	0	1	85	90	10	0	0	0	0	0	0	0	0	0	30	31	0	0	0	0	0	0	0	0	0	0	0	0	131144	43
557	0	9	7	1	180	95	5	0	0	0	0	0	0	0	0	0	0	334	0	0	0	5	2	4	-1	-1	-1	100	100	100	73	0
558	0	9	0	2	100	100	5	0	0	0	0	0	0	0	0	0	0	335	0	0	0	0	0	0	0	0	0	0	0	0	132168	0
559	0	12	0	1	100	100	5	0	0	0	0	0	0	0	0	0	0	336	0	0	0	0	0	0	0	0	0	0	0	0	131144	0
560	0	1	0	1	100	95	10	0	0	0	0	0	0	0	0	0	0	337	0	0	0	0	0	0	0	0	0	0	0	0	150089	0
561	0	1	11	0	0	101	10	0	0	0	0	0	0	0	0	0	0	376	0	0	12	0	0	0	0	0	0	0	0	0	16416	0
562	1	3	0	2	120	90	10	0	0	0	0	0	0	0	0	0	0	338	0	0	0	0	0	0	0	0	0	0	0	0	8	46
563	0	4	2	0	0	101	10	0	0	0	0	0	0	0	0	0	0	339	0	0	8	1	3	0	1	1	0	100	100	0	149504	0
564	1	6	11	0	0	101	20	0	0	0	0	0	0	0	0	0	0	340	0	0	11	0	0	0	0	0	0	0	0	0	131088	14
565	1	6	0	1	50	100	25	0	0	0	0	0	0	0	0	0	0	341	0	0	0	0	0	0	0	0	0	0	0	0	131145	37
566	1	7	0	1	90	100	10	0	0	0	0	0	0	0	0	0	0	272	0	0	0	0	0	0	0	0	0	0	0	0	131139	26
567	0	7	13	0	0	100	20	0	0	0	0	0	0	0	0	0	0	342	0	0	0	0	0	0	0	0	0	0	0	0	163928	0
568	1	0	2	0	0	100	30	0	0	0	0	0	0	0	0	0	0	343	0	0	0	1	3	0	-1	-1	0	100	100	0	139608	8
569	0	12	10	0	0	101	25	1	0	0	0	0	0	0	0	0	0	344	0	0	10	0	0	0	0	0	0	0	0	0	131072	0
570	0	12	8	2	65	100	20	0	0	0	0	0	0	0	0	0	0	345	50	0	4	0	0	0	0	0	0	0	0	0	135240	0
571	0	11	13	0	0	100	20	0	0	0	0	0	0	0	0	0	0	375	0	0	0	0	0	0	0	0	0	0	0	0	163928	0
572	1	11	0	1	90	100	15	0	0	0	0	0	0	0	0	0	0	378	0	0	4	0	0	0	0	0	0	0	0	0	131144	42
573	1	14	4	2	70	100	20	0	0	0	3	10	1	0	0	0	0	379	0	0	0	0	0	0	0	0	0	0	0	0	131144	41
574	1	17	0	2	40	101	15	0	0	0	0	0	0	0	0	0	0	380	0	0	5	0	0	0	0	0	0	0	0	0	139592	33
575	1	16	2	0	0	100	20	0	0	0	0	0	0	0	0	0	0	346	0	0	0	1	3	0	-1	-1	0	100	100	0	139608	4
576	0	16	13	0	0	101	20	0	0	0	0	0	0	0	0	0	0	347	0	0	0	0	0	0	0	0	0	0	0	0	163928	0
577	1	17	8	2	50	100	10	0	0	0	0	0	0	0	0	0	0	348	75	0	0	0	0	0	0	0	0	0	0	0	135241	34
578	0	17	11	0	0	101	10	3	0	0	0	0	0	0	0	0	0	349	0	0	12	0	0	0	0	0	0	0	0	0	0	0
579	1	17	13	0	0	101	10	0	0	0	0	0	0	0	0	0	0	350	0	0	8	2	0	0	1	0	0	100	0	0	133120	9
580	1	11	10	0	0	101	10	0	0	0	0	0	0	0	0	0	0	351	0	0	10	0	0	0	0	0	0	0	0	0	147456	23
581	1	17	10	0	0	101	10	0	0	0	0	0	0	0	0	0	0	352	0	0	10	0	0	0	0	0	0	0	0	0	147456	23
582	0	12	13	0	0	101	20	0	0	0	0	0	0	0	0	0	0	353	0	0	0	0	0	0	0	0	0	0	0	0	163912	0
583	1	17	6	1	90	90	10	0	0	0	0	0	0	0	0	0	0	68	0	0	0	1	0	0	-1	0	0	10	0	0	131145	43
584	1	17	0	2	40	100	30	0	0	0	0	0	0	0	0	0	0	0	0	0	0	0	0	0	0	0	0	0	0	0	131144	33
585	1	17	6	2	95	100	15	0	0	0	0	0	0	0	0	0	0	71	0	0	0	3	0	0	-1	0	0	30	0	0	131144	41
586	1	0	0	2	140	100	10	0	0	0	0	0	0	0	0	0	0	378	0	0	4	0	0	0	0	0	0	0	0	0	139592	46
587	0	17	10	0	0	101	10	0	0	0	0	0	0	0	0	0	0	354	0	0	10	0	0	0	0	0	0	0	0	0	139328	0
588	0	8	13	0	0	101	10	4	0	0	0	0	0	0	0	0	0	355	0	0	7	0	0	0	0	0	0	0	0	0	0	0
589	1	0	2	0	0	101	20	0	0	0	0	0	0	0	0	0	0	356	0	0	0	1	0	0	-1	0	0	100	0	0	139344	4
590	1	0	2	0	0	101	20	0	0	0	0	0	0	0	0	0	0	357	0	0	0	3	0	0	-1	0	0	100	0	0	139600	4
591	0	5	7	1	100	95	5	0	0	0	0	0	0	0	0	0	0	358	0	0	5	2	0	0	2	0	0	50	0	0	72	0
592	0	10	4	2	110	95	5	0	0	0	4	30	1	0	0	0	0	4	0	0	0	0	0	0	0	0	0	0	0	0	1096	0
593	0	13	0	2	80	101	5	0	0	0	0	0	0	0	0	0	0	359	0	0	0	0	0	0	0	0	0	0	0	0	8256	0
594	0	10	0	2	15	100	20	1	5	2	0	0	0	0	0	0	0	360	0	0	0	0	0	0	0	0	0	0	0	0	131144	0
595	1	9	6	2	75	100	10	0	0	0	0	0	0	0	0	0	0	71	0	0	0	3	0	0	-1	0	0	100	0	0	131144	41
596	1	11	13	0	0	101	10	4	0	0	0	0	0	0	0	0	0	361	0	0	7	0	0	0	0	0	0	0	0	0	0	17
597	1	17	2	0	0	101	20	0	0	0	0	0	0	0	0	0	0	362	0	0	2	4	0	0	1	0	0	0	0	0	139264	6
598	1	12	2	0	0	100	15	0	0	0	0	0	0	0	0	0	0	61	0	0	0	3	0	0	-2	0	0	0	0	0	131160	5
599	1	3	2	0	0	100	20	0	0	0	0	0	0	0	0	0	0	363	0	0	5	1	3	5	-1	-1	-1	100	100	100	131160	5
600	0	6	13	0	0	100	20	1	0	0	0	0	0	0	0	0	0	377	0	0	0	0	0	0	0	0	0	0	0	0	139352	0
601	0	17	2	0	0	101	10	0	0	0	0	0	0	0	0	0	0	365	0	0	7	3	4	5	2	2	2	0	0	0	147458	0
602	1	12	2	0	0	101	20	0	0	0	0	0	0	0	0	0	0	366	0	0	6	2	4	0	1	1	0	0	0	0	141344	5
603	0	0	13	0	0	101	30	0	0	0	0	0	0	0	0	0	0	367	0	0	12	0	0	0	0	0	0	0	0	0	131072	0
604	1	12	10	0	0	101	10	0	0	0	0	0	0	0	0	0	0	368	0	0	10	0	0	0	0	0	0	0	0	0	147456	23
605	1	17	0	2	80	100	10	0	0	0	0	0	0	0	0	0	0	0	0	0	5	0	0	0	0	0	0	0	0	0	131144	41
606	0	0	13	0	0	101	40	0	0	0	0	0	0	0	0	0	0	369	0	0	7	0	0	0	0	0	0	0	0	0	0	0
607	0	0	13	0	0	101	40	0	0	0	0	0	0	0	0	0	0	370	0	0	2	0	0	0	0	0	0	0	0	0	8192	0
608	1	17	2	0	0	100	30	1	0	0	0	0	0	0	0	0	0	364	0	0	0	1	0	0	-1	0	0	0	0	0	163928	4
609	1	12	4	1	20	100	20	0	0	0	1	100	1	0	0	0	0	371	0	0	0	0	0	0	0	0	0	0	0	0	131145	32
610	0	0	0	1	40	100	40	0	0	0	0	0	0	0	0	0	0	101	0	0	0	0	0	0	0	0	0	0	0	0	131145	0
611	1	6	4	2	20	100	20	0	0	0	8	100	4	5	6	0	0	42	0	0	0	0	0	0	0	0	0	0	0	0	131145	21
612	1	1	7	1	40	100	20	0	0	0	0	0	0	0	0	0	0	374	0	0	0	1	0	0	1	0	0	100	0	0	131273	32
613	0	2	8	2	80	100	10	0	0	0	0	0	0	0	0	0	0	348	75	0	0	0	0	0	0	0	0	0	0	0	137288	0
614	0	4	0	1	90	100	10	0	0	0	65535	100	1	0	0	0	0	372	0	0	5	0	0	0	0	0	0	0	0	0	16456	0
615	0	4	0	1	90	100	10	0	0	0	0	0	0	0	0	0	0	373	0	0	5	0	0	0	0	0	0	0	0	0	16456	0
616	0	4	0	1	90	100	10	0	0	0	0	0	0	0	0	0	0	0	0	0	5	0	0	0	0	0	0	0	0	0	147528	0
617	0	17	0	2	140	90	5	0	0	0	0	0	0	0	0	0	0	269	-50	0	0	0	0	0	0	0	0	0	0	0	72	0
618	1	10	0	2	110	85	10	0	0	0	0	0	0	0	0	0	0	0	0	0	5	0	0	0	0	0	0	0	0	0	72	47
619	1	4	0	1	120	85	10	0	0	0	0	0	0	0	0	0	0	0	0	0	5	0	0	0	0	0	0	0	0	0	16456	44
620	1	2	7	1	120	100	5	0	0	0	0	0	0	0	0	0	0	229	0	0	0	2	4	0	-1	-1	0	100	100	0	2121	44
621	0	16	7	1	100	101	5	0	0	0	0	0	0	0	0	0	0	359	0	0	0	2	0	0	-1	0	0	100	0	0	8256	0
622	0	0	0	1	1	101	1	0	0	0	0	0	0	0	0	0	0	0	0	0	0	0	0	0	0	0	0	0	0	0	0	0
623	0	0	0	2	1	101	1	0	0	0	0	0	0	0	0	0	0	0	0	0	0	0	0	0	0	0	0	0	0	0	0	0
624	0	1	0	1	1	101	1	0	0	0	0	0	0	0	0	0	0	0	0	0	0	0	0	0	0	0	0	0	0	0	0	0
625	0	1	0	2	1	101	1	0	0	0	0	0	0	0	0	0	0	0	0	0	0	0	0	0	0	0	0	0	0	0	0	0
626	0	2	0	1	1	101	1	0	0	0	0	0	0	0	0	0	0	0	0	0	0	0	0	0	0	0	0	0	0	0	0	0
627	0	2	0	2	1	101	1	0	0	0	0	0	0	0	0	0	0	0	0	0	0	0	0	0	0	0	0	0	0	0	0	0
628	0	3	0	1	1	101	1	0	0	0	0	0	0	0	0	0	0	0	0	0	0	0	0	0	0	0	0	0	0	0	0	0
629	0	3	0	2	1	101	1	0	0	0	0	0	0	0	0	0	0	0	0	0	0	0	0	0	0	0	0	0	0	0	0	0
630	0	4	0	1	1	101	1	0	0	0	0	0	0	0	0	0	0	0	0	0	0	0	0	0	0	0	0	0	0	0	0	0
631	0	4	0	2	1	101	1	0	0	0	0	0	0	0	0	0	0	0	0	0	0	0	0	0	0	0	0	0	0	0	0	0
632	0	5	0	1	1	101	1	0	0	0	0	0	0	0	0	0	0	0	0	0	0	0	0	0	0	0	0	0	0	0	0	0
633	0	5	0	2	1	101	1	0	0	0	0	0	0	0	0	0	0	0	0	0	0	0	0	0	0	0	0	0	0	0	0	0
634	0	6	0	1	1	101	1	0	0	0	0	0	0	0	0	0	0	0	0	0	0	0	0	0	0	0	0	0	0	0	0	0
635	0	6	0	2	1	101	1	0	0	0	0	0	0	0	0	0	0	0	0	0	0	0	0	0	0	0	0	0	0	0	0	0
636	0	7	0	1	1	101	1	0	0	0	0	0	0	0	0	0	0	0	0	0	0	0	0	0	0	0	0	0	0	0	0	0
637	0	7	0	2	1	101	1	0	0	0	0	0	0	0	0	0	0	0	0	0	0	0	0	0	0	0	0	0	0	0	0	0
638	0	8	0	1	1	101	1	0	0	0	0	0	0	0	0	0	0	0	0	0	0	0	0	0	0	0	0	0	0	0	0	0
639	0	8	0	2	1	101	1	0	0	0	0	0	0	0	0	0	0	0	0	0	0	0	0	0	0	0	0	0	0	0	0	0
640	0	9	0	1	1	101	1	0	0	0	0	0	0	0	0	0	0	0	0	0	0	0	0	0	0	0	0	0	0	0	0	0
641	0	9	0	2	1	101	1	0	0	0	0	0	0	0	0	0	0	0	0	0	0	0	0	0	0	0	0	0	0	0	0	0
642	0	10	0	1	1	101	1	0	0	0	0	0	0	0	0	0	0	0	0	0	0	0	0	0	0	0	0	0	0	0	0	0
643	0	10	0	2	1	101	1	0	0	0	0	0	0	0	0	0	0	0	0	0	0	0	0	0	0	0	0	0	0	0	0	0
644	0	11	0	1	1	101	1	0	0	0	0	0	0	0	0	0	0	0	0	0	0	0	0	0	0	0	0	0	0	0	0	0
645	0	11	0	2	1	101	1	0	0	0	0	0	0	0	0	0	0	0	0	0	0	0	0	0	0	0	0	0	0	0	0	0
646	0	12	0	1	1	101	1	0	0	0	0	0	0	0	0	0	0	0	0	0	0	0	0	0	0	0	0	0	0	0	0	0
647	0	12	0	2	1	101	1	0	0	0	0	0	0	0	0	0	0	0	0	0	0	0	0	0	0	0	0	0	0	0	0	0
648	0	13	0	1	1	101	1	0	0	0	0	0	0	0	0	0	0	0	0	0	0	0	0	0	0	0	0	0	0	0	0	0
649	0	13	0	2	1	101	1	0	0	0	0	0	0	0	0	0	0	0	0	0	0	0	0	0	0	0	0	0	0	0	0	0
650	0	14	0	1	1	101	1	0	0	0	0	0	0	0	0	0	0	0	0	0	0	0	0	0	0	0	0	0	0	0	0	0
651	0	14	0	2	1	101	1	0	0	0	0	0	0	0	0	0	0	0	0	0	0	0	0	0	0	0	0	0	0	0	0	0
652	0	15	0	1	1	101	1	0	0	0	0	0	0	0	0	0	0	0	0	0	0	0	0	0	0	0	0	0	0	0	0	0
653	0	15	0	2	1	101	1	0	0	0	0	0	0	0	0	0	0	0	0	0	0	0	0	0	0	0	0	0	0	0	0	0
654	0	16	0	1	1	101	1	0	0	0	0	0	0	0	0	0	0	0	0	0	0	0	0	0	0	0	0	0	0	0	0	0
655	0	16	0	2	1	101	1	0	0	0	0	0	0	0	0	0	0	0	0	0	0	0	0	0	0	0	0	0	0	0	0	0
656	0	17	0	1	1	101	1	0	0	0	0	0	0	0	0	0	0	0	0	0	0	0	0	0	0	0	0	0	0	0	0	0
657	0	17	0	2	1	101	1	0	0	0	0	0	0	0	0	0	0	0	0	0	0	0	0	0	0	0	0	0	0	0	0	0
658	0	12	0	1	210	101	1	0	0	0	0	0	0	0	0	0	0	0	0	0	0	0	0	0	0	0	0	0	0	0	1	0
659	0	4	3	0	0	101	10	0	0	0	0	0	0	0	0	0	0	381	0	50	7	0	0	0	0	0	0	0	0	0	135200	0
660	0	6	0	1	90	100	10	2	0	0	0	0	0	0	0	0	0	382	0	0	0	0	0	0	0	0	0	0	0	0	131145	0
661	0	3	13	0	0	101	10	4	0	0	0	0	0	0	0	0	0	383	0	0	7	0	0	0	0	0	0	0	0	0	0	0
662	0	7	0	1	80	100	10	0	0	0	0	0	0	0	0	0	0	384	0	0	0	0	0	0	0	0	0	0	0	0	131144	0
663	0	16	0	1	85	100	10	0	0	0	0	0	0	0	0	0	0	303	0	0	0	0	0	0	0	0	0	0	0	0	131145	0
664	0	10	0	2	90	100	10	0	0	0	0	0	0	0	0	0	0	385	0	0	4	0	0	0	0	0	0	0	0	0	139592	0
665	0	14	7	1	100	90	10	0	0	0	0	0	0	0	0	0	0	218	0	0	0	5	0	0	-1	0	0	100	0	0	131273	0
666	0	17	3	0	0	101	10	0	0	0	0	0	0	0	0	0	0	386	0	50	0	0	0	0	0	0	0	0	0	0	167960	0
667	1	4	0	1	95	95	10	0	0	0	0	0	0	0	0	0	0	0	0	0	0	0	0	0	0	0	0	0	0	0	131145	42
668	1	11	13	0	0	100	10	0	0	0	0	0	0	0	0	0	0	387	0	0	0	1	0	0	-1	0	0	100	0	0	135256	5
669	0	11	0	1	125	100	10	0	0	0	0	0	0	0	0	0	0	151	0	0	0	0	0	0	0	0	0	0	0	0	131147	0
670	1	11	0	1	40	100	40	0	0	0	0	0	0	0	0	0	0	0	0	0	0	0	0	0	0	0	0	0	0	0	131144	30
671	0	0	13	0	0	101	15	3	0	0	0	0	0	0	0	0	0	388	0	0	0	0	0	0	0	0	0	0	0	0	32792	0
672	1	3	5	0	0	100	20	0	0	0	5	100	1	0	0	0	0	389	0	0	0	5	0	0	-1	0	0	100	0	0	131160	17
673	1	0	13	0	0	101	30	0	0	0	0	0	0	0	0	0	0	390	0	0	7	0	0	0	0	0	0	0	0	0	131104	6
674	0	8	2	0	0	101	20	0	0	0	0	0	0	0	0	0	0	391	0	0	6	1	3	0	1	1	0	0	0	0	139296	0
675	1	16	4	1	80	100	15	0	0	0	24	100	2	2	2	0	0	392	0	0	0	0	0	0	0	0	0	0	0	0	131145	38
676	0	6	0	2	90	100	15	0	0	0	0	0	0	0	0	0	0	393	0	0	0	0	0	0	0	0	0	0	0	0	163912	0
677	0	8	0	1	80	100	20	0	0	0	0	0	0	0	0	0	0	384	0	0	0	0	0	0	0	0	0	0	0	0	131145	0
678	0	13	10	0	0	101	10	0	0	0	0	0	0	0	0	0	0	394	0	0	10	0	0	0	0	0	0	0	0	0	147456	0
679	1	6	6	1	80	100	15	0	0	0	0	0	0	0	0	0	0	395	0	0	0	1	0	0	-1	0	0	100	0	0	131145	38
680	0	9	6	1	80	100	15	0	0	0	0	0	0	0	0	0	0	396	0	0	0	2	0	0	-1	0	0	100	0	0	131145	0
681	0	16	0	1	20	100	10	0	0	0	0	0	0	0	0	0	0	305	0	0	0	0	0	0	0	0	0	0	0	0	131145	0
682	1	9	0	2	130	100	5	0	0	0	0	0	0	0	0	0	0	397	0	0	0	0	0	0	0	0	0	0	0	0	132168	46
683	0	13	13	0	0	101	10	0	0	0	0	0	0	0	0	0	0	398	0	0	0	0	0	0	0	0	0	0	0	0	172104	0
684	1	8	0	1	70	101	10	0	0	0	0	0	0	0	0	0	0	17	0	0	0	0	0	0	0	0	0	0	0	0	131145	37
685	0	3	13	0	0	101	20	0	0	0	0	0	0	0	0	0	0	399	0	50	0	0	0	0	0	0	0	0	0	0	135192	0
686	0	0	0	2	90	100	15	0	0	0	0	0	0	0	0	0	0	400	0	0	0	0	0	0	0	0	0	0	0	0	196680	0
687	0	15	0	2	100	100	10	0	0	0	0	0	0	0	0	0	0	401	0	0	5	0	0	0	0	0	0	0	0	0	131144	0
688	0	11	6	1	70	100	15	0	0	0	0	0	0	0	0	0	0	395	0	0	0	1	0	0	-1	0	0	100	0	0	131145	0
689	0	13	13	0	0	101	15	0	0	0	0	0	0	0	0	0	0	402	0	0	0	0	0	0	0	0	0	0	0	0	40968	0
690	0	2	0	1	100	100	15	-3	0	0	0	0	0	0	0	0	0	403	0	0	0	0	0	0	0	0	0	0	0	0	8	0
691	0	15	7	2	110	100	5	0	0	0	0	0	0	0	0	0	0	404	0	0	5	2	0	0	-1	0	0	100	0	0	139592	0
692	1	15	0	1	90	100	15	0	0	0	0	0	0	0	0	0	0	0	0	0	0	0	0	0	0	0	0	0	0	0	131145	42
693	0	16	0	1	60	100	20	0	0	0	0	0	0	0	0	0	0	405	0	0	4	0	0	0	0	0	0	0	0	0	131145	0
694	1	14	11	0	0	101	20	0	0	0	0	0	0	0	0	0	0	406	0	0	12	0	0	0	0	0	0	0	0	0	131104	17
695	0	7	0	1	180	101	1	0	0	0	0	0	0	0	0	0	0	0	0	0	0	0	0	0	0	0	0	0	0	0	0	0
696	0	16	0	1	180	101	1	0	0	0	0	0	0	0	0	0	0	0	0	0	0	0	0	0	0	0	0	0	0	0	1	0
697	0	10	0	2	195	101	1	0	0	0	0	0	0	0	0	0	0	0	0	0	0	0	0	0	0	0	0	0	0	0	0	0
698	0	17	0	2	1	101	1	0	0	0	0	0	0	0	0	0	0	412	0	0	0	0	0	0	0	0	0	0	0	0	0	0
699	0	7	0	1	195	101	1	0	0	0	0	0	0	0	0	0	0	0	0	0	0	0	0	0	0	0	0	0	0	0	1	0
700	0	12	4	2	175	101	1	0	0	0	1	100	1	0	0	0	0	6	0	0	0	0	0	0	0	0	0	0	0	0	0	0
701	0	0	0	1	210	101	1	0	0	0	0	0	0	0	0	0	0	0	0	0	0	0	0	0	0	0	0	0	0	0	1	0
702	0	0	2	0	0	101	1	0	0	0	0	0	0	0	0	0	0	413	0	0	7	8	0	0	2	0	0	100	0	0	0	0
703	0	13	0	2	185	101	1	0	0	0	0	0	0	0	0	0	0	414	0	0	0	0	0	0	0	0	0	0	0	0	0	0
704	0	9	0	2	150	100	5	-3	0	0	0	0	0	0	0	0	0	407	0	0	5	0	0	0	0	0	0	0	0	0	8	0
705	0	17	7	2	130	90	5	0	0	0	0	0	0	0	0	0	0	204	0	0	0	3	0	0	-2	0	0	100	0	0	72	0
706	0	13	0	1	85	100	10	0	0	0	0	0	0	0	0	0	0	186	0	0	0	0	0	0	0	0	0	0	0	0	131145	0
707	1	4	0	1	75	100	10	0	0	0	0	0	0	0	0	0	0	408	0	0	0	0	0	0	0	0	0	0	0	0	131145	38
708	0	7	6	1	85	100	10	0	0	0	0	0	0	0	0	0	0	69	0	0	0	2	0	0	-1	0	0	20	0	0	131144	0
709	0	5	0	1	40	100	20	1	0	0	0	0	0	0	0	0	0	103	0	0	0	0	0	0	0	0	0	0	0	0	131145	0
710	1	10	6	1	85	100	10	0	0	0	0	0	0	0	0	0	0	69	0	0	0	2	0	0	-1	0	0	20	0	0	131145	43
711	0	13	0	2	160	100	10	0	0	0	0	0	0	0	0	0	0	80	0	0	0	0	0	0	0	0	0	0	0	0	131148	0
712	0	7	0	1	90	100	10	0	0	0	0	0	0	0	0	0	0	409	0	0	0	0	0	0	0	0	0	0	0	0	8265	0
713	0	8	0	1	100	100	5	0	0	0	0	0	0	0	0	0	0	410	0	0	0	0	0	0	0	0	0	0	0	0	73	0
714	0	7	0	2	100	100	5	0	0	0	0	0	0	0	0	0	0	410	0	0	0	0	0	0	0	0	0	0	0	0	72	0
715	1	0	2	0	0	101	20	0	0	0	0	0	0	0	0	0	0	411	0	0	0	1	3	0	-1	-1	0	100	100	0	131152	5
716	0	12	0	1	80	100	10	0	0	0	0	0	0	0	0	0	30	31	0	0	0	0	0	0	0	0	0	0	0	0	131145	0
717	0	17	0	2	1	90	10	0	0	0	0	0	0	0	0	0	0	40	0	0	0	0	0	0	0	0	0	0	0	0	72	0
718	0	0	0	1	120	100	10	0	0	0	0	0	0	0	0	0	0	268	0	0	0	0	0	0	0	0	0	0	0	0	131145	0
719	0	12	0	2	195	101	1	0	0	0	0	0	0	0	0	2	0	0	0	0	0	0	0	0	0	0	0	0	0	0	0	0
720	0	9	0	2	150	100	5	0	0	0	0	0	0	0	0	0	0	419	0	0	4	0	0	0	0	0	0	0	0	0	72	0
721	0	12	0	1	100	100	15	0	0	0	0	0	0	0	0	0	0	0	0	0	0	0	0	0	0	0	0	0	0	0	201	0
722	0	13	0	2	100	100	5	0	0	0	0	0	0	0	0	0	0	0	0	0	0	0	0	0	0	0	0	0	0	0	72	0
723	0	13	0	2	200	101	1	0	0	0	0	0	0	0	0	0	0	415	0	0	0	0	0	0	0	0	0	0	0	0	0	0
724	0	8	0	1	200	101	1	0	0	0	0	0	0	0	0	0	0	410	0	0	0	0	0	0	0	0	0	0	0	0	1	0
725	0	7	0	2	200	101	1	0	0	0	0	0	0	0	0	0	0	410	0	0	0	0	0	0	0	0	0	0	0	0	0	0
726	0	17	0	1	190	101	1	0	0	0	0	0	0	0	0	0	0	416	0	0	0	0	0	0	0	0	0	0	0	0	1	0
727	0	5	0	1	190	101	1	0	0	0	0	0	0	0	0	0	0	417	0	0	0	0	0	0	0	0	0	0	0	0	0	0
728	0	15	7	2	185	101	1	0	0	0	0	0	0	0	0	0	0	418	0	0	5	8	0	0	1	0	0	100	0	0	8448	0
729	0	12	7	1	80	100	10	2	0	0	0	0	0	0	0	0	0	0	0	0	0	7	0	0	1	0	0	100	0	0	73	0
730	0	10	4	2	90	100	15	0	0	0	1	30	1	0	0	0	0	0	0	0	5	0	0	0	0	0	0	0	0	0	72	0
731	0	2	0	1	90	95	15	0	0	0	0	0	0	0	0	0	30	0	0	0	0	0	0	0	0	0	0	0	0	0	585	0
732	0	12	0	2	1	101	20	0	0	0	0	0	0	0	0	0	0	0	0	0	0	0	0	0	0	0	0	0	0	0	72	0
733	0	10	8	2	60	100	20	0	0	0	0	0	0	0	0	0	0	0	100	0	0	0	0	0	0	0	0	0	0	0	4168	0
734	0	12	4	2	60	100	20	0	0	0	1	100	1	0	0	0	0	0	0	0	0	0	0	0	0	0	0	0	0	0	72	0
735	0	9	4	1	60	100	20	0	0	0	4	100	1	0	0	0	0	0	0	0	0	0	0	0	0	0	0	0	0	0	1097	0
736	0	13	0	2	80	95	15	0	0	0	0	0	0	0	0	0	0	0	0	0	0	0	0	0	0	0	0	0	0	0	72	0
737	0	16	0	2	80	95	15	0	0	0	0	0	0	0	0	0	0	0	0	0	0	0	0	0	0	0	0	0	0	0	72	0
738	0	11	4	1	100	90	10	0	0	0	18	100	1	0	0	0	0	0	0	0	0	0	0	0	0	0	0	0	0	0	88	0
739	0	14	0	2	100	90	10	0	0	0	0	0	0	0	0	0	0	0	0	0	0	0	0	0	0	0	0	0	0	0	72	0
740	0	17	0	2	120	85	5	0	0	0	0	0	0	0	0	0	0	0	0	0	0	0	0	0	0	0	0	0	0	0	72	0
741	0	0	0	1	1	101	20	0	0	0	0	0	0	0	0	0	0	0	0	0	0	0	0	0	0	0	0	0	0	0	73	0
742	0	8	0	1	60	100	5	0	2	2	0	0	0	0	0	0	30	44	0	0	0	0	0	0	0	0	0	0	0	0	201	0
743	0	0	13	0	0	101	10	4	0	0	0	0	0	0	0	0	0	111	0	0	7	0	0	0	0	0	0	0	0	0	0	0
744	0	15	0	2	100	100	5	0	0	0	0	0	0	0	0	0	0	420	0	0	0	0	0	0	0	0	0	0	0	0	8	0
745	0	10	0	2	80	100	15	0	0	0	0	0	0	0	0	1	0	421	0	0	0	0	0	0	0	0	0	0	0	0	131144	0
746	0	16	0	1	80	100	10	0	0	0	0	0	0	0	0	0	0	422	0	0	0	0	0	0	0	0	0	0	0	0	131145	0
747	0	0	2	0	0	101	10	0	0	0	0	0	0	0	0	0	0	423	0	0	7	2	0	0	2	0	0	100	0	0	131104	0
748	0	1	2	0	0	101	5	0	0	0	0	0	0	0	0	0	0	424	0	0	7	8	0	0	1	0	0	100	0	0	131104	0
749	0	5	5	0	0	100	15	0	0	0	42	100	1	0	0	0	0	425	0	0	0	5	0	0	-1	0	0	100	0	0	131160	0
750	0	13	13	0	0	100	20	0	0	0	0	0	0	0	0	0	0	426	0	0	0	0	0	0	0	0	0	0	0	0	163928	0
751	0	15	0	1	50	100	10	0	2	2	0	0	0	0	0	0	0	427	0	0	0	0	0	0	0	0	0	0	0	0	131144	0
752	0	0	13	0	0	101	10	0	0	0	0	0	0	0	0	0	0	428	0	0	8	0	0	0	0	0	0	0	0	0	139264	0
753	0	1	13	0	0	100	15	0	0	0	0	0	0	0	0	0	0	429	0	0	0	0	0	0	0	0	0	0	0	0	131144	0
754	0	12	0	1	85	100	10	0	0	0	0	0	0	0	0	0	0	430	0	0	0	0	0	0	0	0	0	0	0	0	131145	0
755	0	10	0	1	85	100	10	0	0	0	0	0	0	0	0	0	0	430	0	0	0	0	0	0	0	0	0	0	0	0	131145	0
756	0	0	13	0	0	100	10	0	0	0	0	0	0	0	0	0	0	431	0	0	10	0	0	0	0	0	0	0	0	0	131136	0
757	0	9	0	1	100	101	10	0	0	0	0	0	0	0	0	0	0	0	0	0	3	0	0	0	0	0	0	0	0	0	0	0
758	0	6	0	1	10	101	10	0	0	0	0	0	0	0	0	0	0	0	0	0	3	0	0	0	0	0	0	0	0	0	0	0
759	0	12	0	1	10	101	10	0	0	0	0	0	0	0	0	0	0	0	0	0	3	0	0	0	0	0	0	0	0	0	0	0
760	0	0	0	1	10	101	10	0	0	0	0	0	0	0	0	0	0	0	0	0	3	0	0	0	0	0	0	0	0	0	0	0
761	0	1	0	1	10	101	10	0	0	0	0	0	0	0	0	0	0	0	0	0	3	0	0	0	0	0	0	0	0	0	0	0
762	0	7	0	1	10	101	10	0	0	0	0	0	0	0	0	0	0	0	0	0	3	0	0	0	0	0	0	0	0	0	0	0
763	0	14	0	1	10	101	10	0	0	0	0	0	0	0	0	0	0	0	0	0	3	0	0	0	0	0	0	0	0	0	0	0
764	0	3	0	1	10	101	10	0	0	0	0	0	0	0	0	0	0	0	0	0	3	0	0	0	0	0	0	0	0	0	0	0
765	0	10	0	1	10	101	10	0	0	0	0	0	0	0	0	0	0	0	0	0	3	0	0	0	0	0	0	0	0	0	0	0
766	0	2	0	1	10	101	10	0	0	0	0	0	0	0	0	0	0	0	0	0	3	0	0	0	0	0	0	0	0	0	0	0
767	0	17	0	1	10	101	10	0	0	0	0	0	0	0	0	0	0	0	0	0	3	0	0	0	0	0	0	0	0	0	0	0
768	0	15	0	1	10	101	10	0	0	0	0	0	0	0	0	0	0	0	0	0	3	0	0	0	0	0	0	0	0	0	0	0
769	0	13	0	1	10	101	10	0	0	0	0	0	0	0	0	0	0	0	0	0	3	0	0	0	0	0	0	0	0	0	0	0
770	0	5	0	1	10	101	10	0	0	0	0	0	0	0	0	0	0	0	0	0	3	0	0	0	0	0	0	0	0	0	0	0
771	0	4	0	1	10	101	10	0	0	0	0	0	0	0	0	0	0	0	0	0	3	0	0	0	0	0	0	0	0	0	0	0
772	0	16	0	1	10	101	10	0	0	0	0	0	0	0	0	0	0	0	0	0	3	0	0	0	0	0	0	0	0	0	0	0
773	0	11	0	1	10	101	10	0	0	0	0	0	0	0	0	0	0	0	0	0	3	0	0	0	0	0	0	0	0	0	0	0
774	0	8	0	1	10	101	10	0	0	0	0	0	0	0	0	0	0	0	0	0	3	0	0	0	0	0	0	0	0	0	0	0
775	0	15	2	0	0	100	5	0	0	0	0	0	0	0	0	0	0	432	0	-33	7	8	0	0	1	0	0	100	0	0	65824	0
776	1	1	0	1	80	100	10	0	0	0	0	0	0	0	0	0	0	433	0	0	0	0	0	0	0	0	0	0	0	0	73	37
777	0	17	2	0	0	101	15	0	0	0	0	0	0	0	0	0	0	434	0	0	0	1	3	0	2	2	0	100	100	0	32768	0
778	0	11	6	1	80	100	10	0	0	0	0	0	0	0	0	0	0	70	0	0	0	5	0	0	-1	0	0	100	0	0	72	0
779	0	11	4	1	35	100	15	0	0	0	8	100	4	5	6	0	0	42	0	0	0	0	0	0	0	0	0	0	0	0	73	0
780	0	9	4	1	120	90	5	0	0	0	4	10	1	0	0	0	0	4	0	0	0	0	0	0	0	0	0	0	0	0	1096	0
781	0	8	0	1	100	100	5	0	0	0	0	0	0	0	0	0	0	435	0	0	0	0	0	0	0	0	0	0	0	0	73	0
782	0	8	0	1	100	100	5	0	0	0	0	0	0	0	0	0	0	435	0	0	0	0	0	0	0	0	0	0	0	0	73	0
783	0	12	7	1	110	100	10	0	0	0	0	0	0	0	0	0	0	436	0	0	0	5	0	0	1	0	0	100	0	0	72	0
784	0	15	6	1	60	100	15	0	0	0	0	0	0	0	0	0	0	395	0	0	5	1	0	0	-1	0	0	100	0	0	73	0
785	0	11	0	1	40	100	40	0	0	0	0	0	0	0	0	0	0	0	0	0	0	0	0	0	0	0	0	0	0	0	73	0
786	0	12	0	2	80	100	10	0	0	0	0	0	0	0	0	0	0	438	0	0	5	0	0	0	0	0	0	0	0	0	8520	0
787	0	11	6	2	80	100	10	0	0	0	0	0	0	0	0	0	0	439	0	0	0	4	0	0	-1	0	0	100	0	0	72	0
788	0	11	6	1	80	100	10	0	0	0	0	0	0	0	0	0	0	396	0	0	0	2	0	0	-1	0	0	100	0	0	72	0
789	0	17	6	1	75	100	15	0	0	0	0	0	0	0	0	0	0	71	0	0	0	3	0	0	-1	0	0	100	0	0	73	0
790	0	17	4	2	90	95	10	0	0	0	6	20	2	2	5	0	0	76	0	0	0	0	0	0	0	0	0	0	0	0	72	0
791	1	10	3	0	0	101	10	0	0	0	0	0	0	0	0	0	0	440	0	25	6	0	0	0	0	0	0	0	0	0	12320	15
792	0	16	13	0	0	100	10	4	0	0	0	0	0	0	0	0	0	441	0	0	7	0	0	0	0	0	0	0	0	0	0	0
793	0	16	0	1	80	101	10	0	0	0	0	0	0	0	0	0	0	17	0	0	0	0	0	0	0	0	0	0	0	0	73	0
794	0	1	0	1	150	100	5	0	0	0	0	0	0	0	0	0	0	80	0	0	0	0	0	0	0	0	0	0	0	0	76	0
795	0	15	0	2	160	90	5	0	0	0	0	0	0	0	0	0	0	80	0	0	0	0	0	0	0	0	0	0	0	0	76	0
796	0	8	0	2	140	95	5	0	0	0	0	0	0	0	0	0	0	419	0	0	0	0	0	0	0	0	0	0	0	0	72	0
797	0	13	0	2	80	100	10	0	0	0	0	0	0	0	0	0	0	0	0	0	0	0	0	0	0	0	0	0	0	0	131144	0
798	0	8	0	1	130	100	5	0	0	0	0	0	0	0	0	0	0	0	0	0	0	0	0	0	0	0	0	0	0	0	131145	0
799	0	15	0	1	25	90	20	0	5	2	0	0	0	0	0	0	0	0	0	0	0	0	0	0	0	0	0	0	0	0	131144	0
800	0	5	0	2	120	90	10	0	0	0	0	100	0	0	0	0	0	0	0	0	0	0	0	0	0	0	0	0	0	0	131146	0
801	0	3	4	2	90	100	10	0	0	0	5	20	1	0	0	0	0	0	0	0	0	0	0	0	0	0	0	0	0	0	131144	0
802	0	17	0	2	100	100	5	0	0	0	0	0	0	0	0	0	0	0	0	0	4	0	0	0	0	0	0	0	0	0	131144	0
803	0	11	0	1	70	100	20	0	0	0	0	0	0	0	0	0	0	0	0	0	0	0	0	0	0	0	0	0	0	0	131145	0
804	0	12	0	2	70	100	20	0	0	0	0	0	0	0	0	0	0	0	0	0	0	0	0	0	0	0	0	0	0	0	131144	0
805	0	0	0	2	50	100	10	0	0	0	0	0	0	0	0	0	0	0	0	0	0	0	0	0	0	0	0	0	0	0	131144	0
806	0	6	6	1	70	90	10	0	0	0	0	0	0	0	0	0	0	0	0	0	0	3	0	0	-1	0	0	100	0	0	131145	0
807	0	9	4	2	70	100	5	0	0	0	4	100	1	0	0	0	0	0	0	0	5	0	0	0	0	0	0	0	0	0	131144	0
808	0	16	0	1	75	100	5	0	0	0	0	0	0	0	0	0	0	0	0	0	0	0	0	0	0	0	0	0	0	0	131145	0
809	0	7	0	1	110	90	5	0	0	0	0	0	0	0	0	0	0	0	0	0	0	0	0	0	0	0	0	0	0	0	131144	0
810	0	3	13	0	0	100	40	0	0	0	0	0	0	0	0	0	0	0	0	0	4	0	0	0	0	0	0	0	0	0	163928	0
811	0	1	2	0	0	101	10	0	0	0	0	0	0	0	0	0	0	0	0	0	6	1	2	0	1	1	0	100	100	0	172032	0
812	0	10	0	1	60	100	20	0	0	0	0	0	0	0	0	0	0	0	0	0	0	0	0	0	0	0	0	0	0	0	131145	0
813	0	14	0	1	20	90	10	0	3	3	0	0	0	0	0	0	0	0	0	0	0	0	0	0	0	0	0	0	0	0	131145	0
814	0	2	0	1	40	90	10	0	2	2	0	0	0	0	0	0	0	0	0	0	0	0	0	0	0	0	0	0	0	0	131145	0
815	0	4	4	2	70	100	10	0	0	0	4	30	1	0	0	0	0	0	0	0	0	0	0	0	0	0	0	0	0	0	132168	0
816	0	11	13	0	0	101	10	0	0	0	0	0	0	0	0	0	0	0	0	25	6	0	0	0	0	0	0	0	0	0	45056	0
817	0	16	0	1	80	100	5	0	0	0	0	0	0	0	0	6	0	0	0	0	0	0	0	0	0	0	0	0	0	0	201	0
818	0	10	0	1	25	100	5	0	3	3	0	0	0	0	0	6	0	0	0	0	0	0	0	0	0	0	0	0	0	0	201	0
819	0	12	4	2	80	90	15	0	0	0	8	100	4	5	6	0	0	0	0	0	0	0	0	0	0	0	0	0	0	0	72	0
820	0	15	0	2	150	100	5	0	0	0	0	0	0	0	0	0	0	0	0	0	5	0	0	0	0	0	0	0	0	0	72	0
821	0	13	4	2	90	100	10	0	0	0	3	10	1	0	0	0	0	0	0	0	0	0	0	0	0	0	0	0	0	0	72	0
822	0	16	0	2	90	100	10	0	0	0	0	0	0	0	0	0	20	0	0	0	5	0	0	0	0	0	0	0	0	0	72	0
823	0	1	6	1	90	100	10	0	0	0	0	0	0	0	0	0	0	0	0	0	0	2	0	0	-1	0	0	100	0	0	73	0
824	0	14	0	1	120	100	5	0	0	0	0	0	0	0	0	0	0	0	0	0	5	0	0	0	0	0	0	0	0	0	72	0
825	0	7	0	2	120	100	5	0	0	0	0	0	0	0	0	0	0	0	0	0	5	0	0	0	0	0	0	0	0	0	72	0
826	0	13	0	2	80	100	5	0	0	0	0	0	0	0	0	0	0	0	0	0	0	0	0	0	0	0	0	0	0	0	139592	0
