valid_flag	id	monsno	form_index	form_max	color	gra_no	basic_hp	basic_atk	basic_def	basic_agi	basic_spatk	basic_spdef	type1	type2	get_rate	rank	exp_value	item1	item2	item3	sex	egg_birth	initial_friendship	egg_group1	egg_group2	grow	tokusei1	tokusei2	tokusei3	give_exp	height	weight	chihou_zukan_no	machine1	machine2	machine3	machine4	hiden_machine	egg_monsno	egg_formno	egg_formno_kawarazunoishi	egg_form_inherit_kawarazunoishi
1	0	0	0	0	0	0	0	0	0	0	0	0	0	0	0	0	0	0	0	0	255	0	0	0	0	0	0	0	0	0	0	0	0	0	0	0	0	0	0	0	0	0
1	1	1	0	1	3	1	45	49	49	45	65	65	11	3	45	1	256	0	0	0	31	20	50	1	7	3	65	65	34	64	70	69	0	2150467360	36706824	2455897120	2	0	1	0	0	0
1	2	2	0	1	3	2	60	62	63	60	80	80	11	3	45	2	1280	0	0	0	31	20	50	1	7	3	65	65	34	142	100	130	0	2150467360	36706824	2455897120	2	0	1	0	0	0
1	3	3	0	1	3	3	80	82	83	80	100	100	11	3	45	3	1536	0	0	0	31	20	50	1	7	3	65	65	34	263	200	1000	0	2184038192	36706824	2456159272	10	1	1	0	0	0
1	4	4	0	1	0	4	39	52	43	65	60	50	9	9	45	1	64	0	0	0	31	20	50	1	14	3	66	66	94	62	60	85	0	3359704579	379722468	2453832705	2	0	4	0	0	0
1	5	5	0	1	0	5	58	64	58	80	80	65	9	9	45	2	320	0	0	0	31	20	50	1	14	3	66	66	94	142	110	190	0	3359704579	379722468	2453832705	2	0	4	0	0	0
1	6	6	0	1	0	6	78	84	78	100	109	85	9	2	45	3	768	0	0	0	31	20	50	1	14	3	66	66	94	267	170	905	0	3395372563	380525284	2990965769	2	2	4	0	0	0
1	7	7	0	1	1	7	44	48	65	43	50	64	10	10	45	1	16	0	0	0	31	20	50	1	2	3	67	67	44	63	50	90	0	3359846981	115415616	3259105792	6	0	7	0	0	0
1	8	8	0	1	1	8	59	63	80	58	65	80	10	10	45	2	1040	0	0	0	31	20	50	1	2	3	67	67	44	142	100	225	0	3359846981	115415616	3259105792	6	0	7	0	0	0
1	9	9	0	1	1	9	79	83	100	78	85	105	10	10	45	3	3072	0	0	0	31	20	50	1	2	3	67	67	44	265	160	855	0	3393417813	115939904	3326526088	14	4	7	0	0	0
1	10	10	0	1	3	10	45	30	35	45	20	20	6	6	255	1	1	0	0	0	127	15	50	3	3	0	19	19	50	39	30	29	0	0	0	0	0	0	10	0	0	0
1	11	11	0	1	3	11	50	20	55	30	25	25	6	6	120	2	32	0	0	0	127	15	50	3	3	0	61	61	61	72	70	99	0	0	0	0	0	0	10	0	0	0
1	12	12	0	1	8	12	60	45	50	70	90	80	6	2	45	3	1536	0	222	0	127	15	50	3	3	0	14	14	110	198	110	320	0	2955887616	571783808	55709736	1	0	10	0	0	0
1	13	13	0	1	5	13	40	35	30	50	20	20	6	3	255	1	64	0	0	0	127	15	50	3	3	0	19	19	50	39	30	32	0	0	0	0	0	0	13	0	0	0
1	14	14	0	1	2	14	45	25	50	35	25	25	6	3	120	2	32	0	0	0	127	15	50	3	3	0	61	61	61	72	60	100	0	0	0	0	0	0	13	0	0	0
1	15	15	0	1	2	15	65	90	40	75	45	80	6	3	45	3	1032	0	245	0	127	15	50	3	3	0	68	68	97	198	100	295	0	3223667712	35928712	323683370	3	0	13	0	0	0
1	16	16	0	1	5	16	40	45	40	56	35	35	0	2	255	1	64	0	0	0	127	15	50	4	4	3	51	77	145	50	30	18	0	2147681792	33847936	599916544	1	0	16	0	0	0
1	17	17	0	1	5	17	63	60	55	71	50	50	0	2	120	2	128	0	0	0	127	15	50	4	4	3	51	77	145	122	110	300	0	2147681792	33847936	599916544	1	0	16	0	0	0
1	18	18	0	1	5	18	83	80	75	101	70	70	0	2	45	3	192	0	0	0	127	15	50	4	4	3	51	77	145	240	150	395	0	2147698176	33847936	599916552	1	0	16	0	0	0
1	19	19	0	1	6	19	30	56	35	72	25	35	0	0	255	1	64	0	0	0	127	15	50	5	5	0	50	62	55	51	30	35	0	2848144896	50346506	316801280	2	0	19	0	0	0
1	20	20	0	1	5	20	55	81	60	97	50	70	0	0	127	2	128	0	0	0	127	15	50	5	5	0	50	62	55	145	70	185	0	2848161296	50346506	2464285960	2	0	19	0	0	0
1	21	21	0	1	5	21	40	60	30	70	31	31	0	2	255	1	64	0	244	0	127	15	50	4	4	0	51	51	97	52	30	20	0	2147681792	35945088	599916544	1	0	21	0	0	0
1	22	22	0	1	5	22	65	90	65	100	61	61	0	2	90	2	128	0	244	0	127	15	50	4	4	0	51	51	97	155	120	380	0	2147698176	35945088	599916552	1	0	21	0	0	0
1	23	23	0	1	6	23	35	60	44	55	40	54	3	3	255	1	4	0	0	0	127	20	50	5	14	0	22	61	127	58	200	69	0	2319909888	33569608	2186199042	0	0	23	0	0	0
1	24	24	0	1	6	24	60	95	69	80	65	79	3	3	90	2	8	0	0	0	127	20	50	5	14	0	22	61	127	157	350	650	0	2319926272	33569608	2186199050	0	0	23	0	0	0
1	25	25	0	1	2	25	35	55	40	90	50	50	12	12	190	2	128	0	236	0	127	10	50	5	6	0	9	9	31	112	40	60	104	3385032705	1132477955	3261202720	2	0	172	0	0	0
1	26	26	0	1	2	26	60	90	55	110	90	80	12	12	75	3	192	0	0	0	127	10	50	5	6	0	9	9	31	243	80	300	105	3385573377	1133002243	3261202728	2	0	172	0	0	0
1	27	27	0	1	2	27	50	75	85	40	20	30	4	4	255	1	16	0	286	0	127	20	50	5	5	0	8	8	146	60	60	120	0	3393783297	41958096	2454687233	10	0	27	0	0	0
1	28	28	0	1	2	28	75	100	110	65	45	55	4	4	90	2	32	0	286	0	127	20	50	5	5	0	8	8	146	158	100	295	0	3393799681	42482384	2454687305	10	0	27	0	0	0
1	29	29	0	1	1	29	55	47	52	41	40	40	3	3	235	1	1	0	0	0	254	20	50	1	5	3	38	79	55	55	40	70	0	2311271460	33569418	2454323201	2	0	29	0	0	0
1	30	30	0	1	1	30	70	62	67	56	55	55	3	3	120	2	2	0	0	0	254	20	50	15	15	3	38	79	55	128	80	200	0	2311271460	33569418	2454323201	2	0	29	0	0	0
1	31	31	0	1	1	31	90	92	87	76	75	85	3	4	45	3	3	0	0	0	254	20	50	15	15	3	38	79	125	253	130	600	0	3955457077	109591550	3528362185	10	0	29	0	0	0
1	32	32	0	1	6	32	46	57	40	50	40	40	3	3	235	1	4	0	0	0	0	20	50	1	5	3	38	79	55	55	50	90	0	2311271460	33569290	2454323201	2	0	32	0	0	0
1	33	33	0	1	6	33	61	72	57	65	55	55	3	3	120	2	8	0	0	0	0	20	50	1	5	3	38	79	55	128	90	195	0	2311271460	33569290	2454323201	2	0	32	0	0	0
1	34	34	0	1	6	34	81	102	77	85	85	75	3	4	45	3	12	0	0	0	0	20	50	1	5	3	38	79	125	253	140	620	0	3955457077	109591422	3528362185	10	0	32	0	0	0
1	35	35	0	1	9	35	70	45	48	35	60	65	17	17	150	2	2	0	81	0	191	10	140	6	6	4	56	98	132	113	60	75	100	4194022925	192944679	2188515620	2	0	173	0	0	0
1	36	36	0	1	9	36	95	70	73	60	95	90	17	17	25	3	3	0	81	0	191	10	140	6	6	4	56	98	109	242	130	400	101	4194039309	193468967	2188515628	2	0	173	0	0	0
1	37	37	0	1	5	37	38	41	40	65	50	65	9	9	190	1	64	0	249	0	191	20	50	5	5	0	18	18	70	60	60	99	0	2286486544	303176228	37900290	0	0	37	0	0	0
1	38	38	0	1	2	38	73	76	75	100	81	100	9	9	75	2	1088	0	249	0	191	20	50	5	5	0	18	18	70	177	110	199	0	2825471000	1376918052	38948874	0	0	37	0	0	0
1	39	39	0	1	9	39	115	45	20	20	45	25	0	17	170	2	2	0	81	0	191	10	50	6	6	4	56	172	132	95	50	55	0	4189828613	192944679	2188516132	0	0	174	0	0	0
1	40	40	0	1	9	40	140	70	45	45	85	50	0	17	50	3	3	0	81	0	191	10	50	6	6	4	56	172	119	218	100	120	0	4189844997	193468967	2188516140	0	0	174	0	0	0
1	41	41	0	1	6	41	40	45	35	55	30	40	3	2	255	1	64	0	0	0	127	15	50	4	4	0	39	39	151	49	80	75	28	2684816384	1107590024	599916546	1	0	41	0	0	0
1	42	42	0	1	6	42	75	80	70	90	65	75	3	2	90	2	128	0	0	0	127	15	50	4	4	0	39	39	151	159	160	550	29	2684832768	1107590024	599916554	1	0	41	0	0	0
1	43	43	0	1	1	43	45	50	55	30	75	65	11	3	255	1	256	0	0	0	127	20	50	7	7	3	34	34	50	64	50	54	0	2150958368	34609672	308413472	0	0	43	0	0	0
1	44	44	0	1	1	44	60	65	70	40	85	75	11	3	120	2	512	0	0	0	127	20	50	7	7	3	34	34	1	138	80	86	0	2150958368	177216008	308413472	0	0	43	0	0	0
1	45	45	0	1	0	45	75	80	85	50	110	90	11	3	45	3	768	0	0	0	127	20	50	7	7	3	34	34	27	245	120	186	0	2151499040	177216008	308413480	0	0	43	0	0	0
1	46	46	0	1	0	46	35	70	55	25	45	55	6	11	190	1	4	86	87	0	127	20	50	3	7	0	27	87	6	57	30	54	0	3357902080	35666568	308479008	2	0	46	0	0	0
1	47	47	0	1	0	47	60	95	80	30	60	80	6	11	75	2	24	86	87	0	127	20	50	3	7	0	27	87	6	142	100	295	0	3357918464	36715144	308479016	2	0	46	0	0	0
1	48	48	0	1	6	48	60	55	50	45	40	55	6	3	190	1	1024	0	0	0	127	20	50	3	3	0	14	110	50	61	100	300	0	2418344960	33602056	37879840	0	0	48	0	0	0
1	49	49	0	1	6	49	70	65	60	90	90	75	6	3	75	2	320	0	295	0	127	20	50	3	3	0	19	110	147	158	150	125	0	2418361344	571783816	54657064	1	0	48	0	0	0
1	50	50	0	1	5	50	10	55	25	95	35	45	4	4	255	1	64	0	237	0	127	20	50	5	5	0	8	71	159	53	20	8	0	2315322880	33569496	306612225	2	0	50	0	0	0
1	51	51	0	1	5	51	35	100	50	120	50	70	4	4	50	2	128	0	237	0	127	20	50	5	5	0	8	71	159	149	70	333	0	2315339264	33569496	306612297	2	0	50	0	0	0
1	52	52	0	1	2	52	40	45	35	90	40	40	0	0	255	1	64	0	217	0	127	20	50	5	5	0	53	101	127	58	40	42	0	2848132612	1107311490	324161571	0	0	52	0	0	0
1	53	53	0	1	2	53	65	70	60	115	65	65	0	0	90	2	128	0	217	0	127	20	50	5	5	0	7	101	127	154	100	320	0	2848149012	1107311490	324161579	0	0	52	0	0	0
1	54	54	0	1	2	54	50	52	48	55	65	50	10	10	190	1	256	0	0	0	127	20	50	2	5	0	6	13	33	64	80	196	43	3628314701	46209664	3259109409	6	0	54	0	0	0
1	55	55	0	1	1	55	80	82	78	85	95	80	10	10	75	2	512	0	0	0	127	20	50	2	5	0	6	13	33	175	170	766	44	3695439949	46733952	3259109417	14	0	54	0	0	0
1	56	56	0	1	5	56	40	80	35	70	35	45	1	1	190	1	4	0	0	0	127	20	50	5	5	0	72	83	128	61	50	280	0	3485666945	42613440	2202959874	10	0	56	0	0	0
1	57	57	0	1	5	57	65	105	60	95	60	70	1	1	75	2	8	0	0	0	127	20	50	5	5	0	72	83	128	159	100	320	0	3485683329	42613440	2202959946	10	0	56	0	0	0
1	58	58	0	1	5	58	55	70	45	60	70	50	9	9	190	1	4	0	0	0	63	20	50	5	5	5	22	18	154	70	70	190	0	2286486544	302135972	2185371648	2	0	58	0	0	0
1	59	59	0	1	5	59	90	110	80	95	100	80	9	9	75	2	8	0	0	0	63	20	50	5	5	5	22	18	154	194	190	1550	0	2288600080	369244836	2185633800	10	0	58	0	0	0
1	60	60	0	1	1	60	40	50	40	90	40	40	10	10	255	1	64	0	0	0	127	20	50	2	2	3	11	6	33	60	60	124	0	2550345796	33634816	1111883776	4	0	60	0	0	0
1	61	61	0	1	1	61	65	65	65	90	50	50	10	10	120	2	128	0	221	0	127	20	50	2	2	3	11	6	33	135	100	200	0	3657642053	42023424	3259367424	6	0	60	0	0	0
1	62	62	0	1	1	62	90	95	95	70	70	90	10	1	45	3	48	0	221	0	127	20	50	2	2	3	11	6	33	255	130	540	0	3724767941	176765504	3259924490	14	0	60	0	0	0
1	63	63	0	1	5	63	25	20	15	90	105	55	13	13	200	1	256	0	248	0	63	20	50	8	8	3	28	39	98	62	90	195	20	2958789641	194034435	175247652	0	0	63	0	0	0
1	64	64	0	1	5	64	40	35	30	105	120	70	13	13	100	2	512	0	248	0	63	20	50	8	8	3	28	39	98	140	130	565	21	2958789641	194034435	175247652	0	0	63	0	0	0
1	65	65	0	1	5	65	55	50	45	120	135	95	13	13	50	3	768	0	248	0	63	20	50	8	8	3	28	39	98	250	150	480	22	2958806025	1268300547	175247660	0	0	63	0	0	0
1	66	66	0	1	7	66	70	80	50	35	35	35	1	1	180	1	4	0	230	0	63	20	50	8	8	3	62	99	80	61	80	195	40	3456337537	42482276	2186182658	10	0	66	0	0	0
1	67	67	0	1	7	67	80	100	70	45	50	60	1	1	90	2	8	0	230	0	63	20	50	8	8	3	62	99	80	142	150	705	41	3456337537	42482276	2186182658	10	0	66	0	0	0
1	68	68	0	1	7	68	90	130	80	55	65	85	1	1	45	3	12	0	230	0	63	20	50	8	8	3	62	99	80	253	160	1300	42	3456353921	42482276	2186182730	10	0	66	0	0	0
1	69	69	0	1	3	69	50	75	35	40	70	30	11	3	255	1	4	0	0	0	127	20	50	7	7	3	34	34	82	60	70	40	0	2149909760	34617865	308937760	0	0	69	0	0	0
1	70	70	0	1	3	70	65	90	50	55	85	45	11	3	120	2	8	0	0	0	127	20	50	7	7	3	34	34	82	137	100	64	0	2149909760	34617865	308937760	0	0	69	0	0	0
1	71	71	0	1	3	71	80	105	65	70	100	70	11	3	45	3	12	0	0	0	127	20	50	7	7	3	34	34	82	245	170	155	0	2149926144	34617865	308937768	0	0	69	0	0	0
1	72	72	0	1	1	72	40	40	35	70	50	100	10	3	190	1	1024	0	245	0	127	20	50	9	9	5	29	64	44	67	90	455	136	2149527620	37829128	1380582402	4	0	72	0	0	0
1	73	73	0	1	1	73	80	70	65	100	80	120	10	3	60	2	2048	0	245	0	127	20	50	9	9	5	29	64	44	180	160	550	137	2149544004	37829128	1380582410	4	0	72	0	0	0
1	74	74	0	1	5	74	40	80	100	20	30	30	5	4	255	1	16	0	229	0	127	15	50	10	10	3	69	5	8	60	40	200	31	3389064193	2189433460	2185661008	10	0	74	0	0	0
1	75	75	0	1	5	75	55	95	115	35	45	45	5	4	120	2	32	0	229	0	127	15	50	10	10	3	69	5	8	137	100	1050	32	3389064193	2189433460	2185661008	10	0	74	0	0	0
1	76	76	0	1	5	76	80	120	130	45	55	65	5	4	45	3	48	0	229	0	127	15	50	10	10	3	69	5	8	248	140	3000	33	3389080593	2189957748	2185661016	10	0	74	0	0	0
1	77	77	0	1	2	77	50	85	55	90	65	65	9	9	190	1	64	0	0	0	127	20	50	5	5	0	50	18	49	82	100	300	90	2153841664	302127652	2185363456	0	0	77	0	0	0
1	78	78	0	1	2	78	65	100	70	105	80	80	9	9	60	2	128	0	0	0	127	20	50	5	5	0	50	18	49	175	170	950	91	2153858048	302127652	2185888776	0	0	77	0	0	0
1	79	79	0	1	9	79	90	65	65	15	40	40	10	13	190	1	1	0	279	0	127	20	50	1	2	0	12	20	144	63	120	360	0	3125523532	37853732	3396735268	0	0	79	0	0	0
1	80	80	0	1	9	80	95	75	110	30	100	80	10	13	75	2	32	0	221	0	127	20	50	1	2	0	12	20	144	172	160	785	0	4199281741	1254726308	3396735404	2	0	79	0	0	0
1	81	81	0	1	7	81	25	35	70	45	95	55	12	8	190	1	256	0	233	0	255	20	50	10	10	0	42	5	148	65	30	60	0	2172879872	2197818883	104993572	0	0	81	0	0	0
1	82	82	0	1	7	82	50	60	95	70	120	70	12	8	60	2	512	0	233	0	255	20	50	10	10	0	42	5	148	163	100	600	0	2172896256	2197818883	104993580	0	0	81	0	0	0
1	83	83	0	1	5	83	52	90	55	60	58	62	0	2	45	2	4	0	259	0	127	20	50	4	5	0	51	39	128	132	80	150	0	2151745024	35945088	868881408	1	0	83	0	0	0
1	84	84	0	1	5	84	35	85	45	75	35	35	0	2	190	1	4	0	244	0	127	20	50	4	4	0	50	48	77	62	140	392	0	2147550720	33847936	583140352	0	0	84	0	0	0
1	85	85	0	1	5	85	60	110	70	110	60	60	0	2	45	2	8	0	244	0	127	20	50	4	4	0	50	48	77	165	180	852	0	2147569152	33848192	583140362	0	0	84	0	0	0
1	86	86	0	1	8	86	65	45	55	45	45	70	10	10	190	1	1024	0	0	0	127	20	50	2	5	0	47	93	115	65	110	900	0	2152411204	46152192	1111621632	4	0	86	0	0	0
1	87	87	0	1	8	87	90	70	80	70	70	95	10	14	75	2	2048	0	0	0	127	20	50	2	5	0	47	93	115	166	170	1200	0	2152427588	46152192	1111621768	4	0	86	0	0	0
1	88	88	0	1	6	88	80	80	50	25	40	50	3	3	190	1	1	0	281	0	127	20	50	11	11	0	1	60	143	65	90	300	0	2844199936	2189441902	2185920514	0	0	88	0	0	0
1	89	89	0	1	6	89	105	105	75	50	65	100	3	3	75	2	5	281	0	0	127	20	50	11	11	0	1	60	143	175	120	300	0	3917958145	2189966190	2185936906	2	0	88	0	0	0
1	90	90	0	1	6	90	30	65	100	40	45	25	10	10	190	1	16	88	89	0	127	20	50	9	9	5	75	92	142	61	30	40	0	2147692612	2185239040	1111621762	0	0	90	0	0	0
1	91	91	0	1	6	91	50	95	180	70	85	45	10	14	60	2	32	88	89	0	127	20	50	9	9	5	75	92	142	184	150	1325	0	2147741764	2185239296	1112146058	0	0	90	0	0	0
1	92	92	0	1	6	92	30	35	30	80	100	35	7	3	190	1	256	0	0	0	127	20	50	11	11	3	26	26	26	62	130	1	69	2962689056	2450569992	173690882	0	0	92	0	0	0
1	93	93	0	1	6	93	45	50	45	95	115	55	7	3	90	2	512	0	0	0	127	20	50	11	11	3	26	26	26	142	160	1	70	2962689056	2458958600	173690883	0	0	92	0	0	0
1	94	94	0	1	6	94	60	65	60	110	130	75	7	3	45	3	768	0	0	0	127	20	50	11	11	3	130	130	130	250	150	405	71	4053224481	3667442440	2321174539	2	0	92	0	0	0
1	95	95	0	1	7	95	35	45	160	70	30	45	5	4	45	1	16	0	0	0	127	25	50	10	10	0	69	5	133	77	880	2100	34	2319518736	2248153936	2252773970	10	0	95	0	0	0
1	96	96	0	1	2	96	60	48	45	42	43	90	13	13	190	1	1024	0	0	0	127	20	50	8	8	0	15	108	39	66	100	324	0	4095446025	1249950465	175247652	0	0	96	0	0	0
1	97	97	0	1	2	97	85	73	70	67	73	115	13	13	75	2	2048	0	0	0	127	20	50	8	8	0	15	108	39	169	160	756	0	4095462409	1250474753	175247660	0	0	96	0	0	0
1	98	98	0	1	0	98	30	105	90	50	25	25	10	10	225	1	4	0	0	0	127	20	50	9	9	0	52	75	125	65	40	65	0	3355652164	48314944	3527640064	2	0	98	0	0	0
1	99	99	0	1	0	99	55	130	115	75	50	50	10	10	60	2	8	0	0	0	127	20	50	9	9	0	52	75	125	166	130	600	0	3355668548	48314944	3527640072	2	0	98	0	0	0
1	100	100	0	1	0	100	40	30	50	100	55	55	12	12	190	1	64	0	0	0	255	20	50	10	10	0	43	9	106	66	50	104	0	2172880896	2197827330	37880608	0	0	100	0	0	0
1	101	101	0	1	0	101	60	50	70	150	80	80	12	12	60	2	128	0	0	0	255	20	50	10	10	0	43	9	106	172	120	666	0	2172897280	2197827330	37880616	0	0	100	0	0	0
1	102	102	0	1	9	102	60	40	80	40	60	45	11	13	90	1	16	0	0	0	127	20	50	7	7	5	34	34	139	65	40	25	0	2418377984	2182134281	2322732064	0	0	102	0	0	0
1	103	103	0	1	2	103	95	95	85	55	125	75	11	13	45	2	512	0	0	0	127	20	50	7	7	5	34	34	139	186	200	1200	0	2418394376	2182134281	2322994216	0	0	102	0	0	0
1	104	104	0	1	5	104	50	50	95	35	40	50	4	4	190	1	16	0	258	0	127	20	50	1	1	0	69	31	4	64	40	65	0	3393270785	44055284	2185661440	10	0	104	0	0	0
1	105	105	0	1	5	105	60	80	110	45	50	80	4	4	75	2	32	0	258	0	127	20	50	1	1	0	69	31	4	149	100	450	0	3393287169	44579572	2185661512	10	0	104	0	0	0
1	106	106	0	1	5	106	50	120	53	87	35	110	1	1	45	2	8	0	0	0	0	25	50	8	8	0	7	120	84	159	150	498	0	3322087041	42482240	2186182720	10	0	236	0	0	0
1	107	107	0	1	5	107	50	105	79	76	35	110	1	1	45	2	2048	0	0	0	0	25	50	8	8	0	51	89	39	159	140	502	0	3322087041	176699968	2185658432	10	0	236	0	0	0
1	108	108	0	1	9	108	90	55	75	30	60	75	0	0	45	1	2	0	279	0	127	20	50	1	1	0	20	12	13	77	120	655	0	3957552645	41958006	3528889352	10	0	108	0	0	0
1	109	109	0	1	6	109	40	65	95	35	60	45	3	3	190	1	16	0	228	0	127	20	50	11	11	0	26	256	1	68	60	10	0	2709720096	2449488686	37896738	0	0	109	0	0	0
1	110	110	0	1	6	110	65	90	120	60	85	70	3	3	60	2	32	0	228	0	127	20	50	11	11	0	26	256	1	172	120	95	0	2709736480	2449488686	37896746	0	0	109	0	0	0
1	111	111	0	1	7	111	80	85	95	25	30	30	4	5	120	1	16	0	0	0	127	20	50	1	5	5	31	69	120	69	100	1150	0	2344825872	100678262	2186185810	10	0	111	0	0	0
1	112	112	0	1	7	112	105	130	120	40	45	45	4	5	60	2	8	0	0	0	127	20	50	1	5	5	31	69	120	170	190	1200	0	3418584081	109591158	3528363227	10	0	111	0	0	0
1	113	113	0	1	9	113	250	5	5	50	35	105	0	0	30	2	2	0	0	0	254	40	140	6	6	4	30	32	131	395	110	346	97	4093376077	192977526	2188810540	10	0	113	0	0	0
1	114	114	0	1	1	114	65	55	115	60	100	40	11	11	45	1	16	0	0	0	127	20	50	7	7	0	34	102	144	87	100	350	0	2149926144	34617867	308417576	2	0	114	0	0	0
1	115	115	0	1	5	115	105	95	80	90	40	80	0	0	45	2	2	0	0	0	254	20	50	1	1	0	48	113	39	172	220	800	0	3958077013	176700150	3527835785	10	0	115	0	0	0
1	116	116	0	1	1	116	30	40	70	60	70	25	10	10	225	1	256	0	235	0	127	20	50	2	14	0	33	97	6	59	40	80	0	2147692612	104929792	1178730496	4	0	116	0	0	0
1	117	117	0	1	1	117	55	65	95	85	95	45	10	10	75	2	272	0	235	0	127	20	50	2	14	0	38	97	6	154	120	250	0	2147708996	104929792	1178730504	4	0	116	0	0	0
1	118	118	0	1	0	118	45	67	60	63	35	50	10	10	225	1	4	0	243	0	127	20	50	12	12	0	33	41	31	64	60	150	78	2147692612	33626624	1112146944	4	0	118	0	0	0
1	119	119	0	1	0	119	80	92	65	68	65	80	10	10	60	2	8	0	243	0	127	20	50	12	12	0	33	41	31	158	130	390	79	2147708996	33626624	1112146952	4	0	118	0	0	0
1	120	120	0	1	5	120	30	45	55	85	70	55	10	10	225	1	64	90	91	0	255	20	50	9	9	5	35	30	148	68	80	345	0	2442375236	37816833	1178735396	4	0	120	0	0	0
1	121	121	0	1	6	121	60	75	85	115	100	85	10	13	60	2	128	90	91	0	255	20	50	9	9	5	35	30	148	182	110	800	0	2442391620	37849601	1316098988	4	0	120	0	0	0
1	122	122	0	1	9	122	40	45	65	90	100	120	13	17	45	2	2048	0	0	0	127	25	50	8	8	0	43	111	101	161	130	545	95	4055616521	1268300675	175247662	0	0	122	0	0	0
1	123	123	0	1	3	123	70	110	80	105	55	80	6	2	45	1	4	0	0	0	127	25	50	3	3	0	68	101	80	100	150	560	0	3221996544	572816000	323159048	3	0	123	0	0	0
1	124	124	0	1	0	124	65	50	35	95	115	95	14	13	45	2	512	0	0	0	254	25	50	8	8	0	12	108	87	159	140	406	0	4026792013	1251523329	175247534	0	0	238	0	0	0
1	125	125	0	1	2	125	65	83	57	105	95	85	12	12	45	2	128	0	322	0	63	25	50	8	8	0	9	9	72	172	110	300	0	3586375681	59260418	2185363752	10	0	239	0	0	0
1	126	126	0	1	0	126	65	95	57	93	100	85	9	9	45	2	512	0	323	0	63	25	50	8	8	0	49	49	72	173	130	445	0	3561047041	311048740	2185363464	10	0	240	0	0	0
1	127	127	0	1	5	127	65	125	100	85	55	70	6	6	45	2	8	0	0	0	127	25	50	3	3	5	52	104	153	175	150	550	0	3389211777	44579392	2454162504	10	0	127	0	0	0
1	128	128	0	1	5	128	75	100	95	110	40	70	0	0	45	2	68	0	0	0	0	20	50	5	5	5	22	83	125	172	140	884	0	2212722180	33561206	3259400266	10	0	128	0	0	0
1	129	129	0	1	0	129	20	10	55	80	15	20	10	10	255	1	64	0	0	0	127	5	50	12	14	5	33	33	155	40	90	100	23	0	0	0	0	0	129	0	0	0
1	130	130	0	1	1	130	95	125	79	81	60	100	10	2	45	2	8	0	0	0	127	5	50	12	14	5	22	22	153	189	650	2350	24	2210625620	104930100	3259384266	6	0	129	0	0	0
1	131	131	0	1	1	131	130	85	80	60	85	95	10	14	45	2	2	243	243	0	127	40	50	1	2	5	11	75	93	187	250	2200	0	2446028884	104864258	3260416136	6	0	131	0	0	0
1	132	132	0	1	6	132	48	48	48	48	48	48	0	0	35	2	1	274	257	0	255	20	50	13	13	0	7	7	150	101	30	40	0	0	0	0	0	0	132	0	0	0
1	133	133	0	1	5	133	55	55	50	55	45	65	0	0	45	1	1024	0	0	0	31	35	50	5	5	0	50	91	107	65	30	65	0	2822964736	33561088	37879808	0	0	133	0	0	0
1	134	134	0	1	1	134	130	65	60	65	110	95	10	10	45	2	2	0	0	0	31	35	50	5	5	0	11	11	93	184	100	290	0	2822993492	37820928	3259105288	6	0	133	0	0	0
1	135	135	0	1	2	135	65	65	60	130	110	95	12	12	45	2	128	0	0	0	31	35	50	5	5	0	10	10	95	184	80	245	0	2848179728	50339330	2185363752	2	0	133	0	0	0
1	136	136	0	1	0	136	65	130	60	65	95	110	9	9	45	2	8	0	0	0	31	35	50	5	5	0	18	18	62	184	90	250	0	2822981136	302127652	2185363464	2	0	133	0	0	0
1	137	137	0	1	9	137	65	60	70	40	85	75	0	0	45	1	256	0	0	0	255	20	50	10	10	0	36	88	148	79	80	365	0	2984473600	50342530	173150508	0	0	137	0	0	0
1	138	138	0	1	1	138	35	40	100	35	90	55	5	10	45	1	16	0	0	0	31	30	50	2	9	0	33	75	133	71	40	75	0	2147692612	37829200	1111656976	6	0	138	0	0	0
1	139	139	0	1	1	139	70	60	125	55	115	70	5	10	45	2	32	0	0	0	31	30	50	2	9	0	33	75	133	173	100	350	0	2147708996	37829200	1111657048	14	0	138	0	0	0
1	140	140	0	1	5	140	30	80	90	55	55	45	5	10	45	1	16	0	0	0	31	30	50	2	9	0	33	4	133	71	50	115	0	2282172484	37829328	1111656528	6	0	140	0	0	0
1	141	141	0	1	5	141	60	115	105	80	65	70	5	10	45	2	8	0	0	0	31	30	50	2	9	0	33	4	133	173	130	405	0	3355930692	37829328	1380158552	14	0	140	0	0	0
1	142	142	0	1	6	142	80	105	65	130	60	75	5	2	45	2	128	0	0	0	31	35	50	4	4	5	69	46	127	180	180	590	0	2185448466	100957172	2722531418	3	0	142	0	0	0
1	143	143	0	1	4	143	160	110	65	30	65	110	0	0	25	2	2	234	234	0	31	40	50	1	1	5	17	47	82	189	210	4600	113	4087576069	42474102	3259400204	10	0	143	0	0	0
1	144	144	0	1	1	144	90	85	100	85	95	125	14	2	3	3	3072	0	0	0	255	80	35	15	15	5	46	46	81	290	170	554	0	2147710036	33835665	599916680	3	0	144	0	0	0
1	145	145	0	1	2	145	90	90	85	100	125	90	12	2	3	3	768	0	0	0	255	80	35	15	15	5	46	46	9	290	160	526	0	2172896336	50613906	599916840	3	0	145	0	0	0
1	146	146	0	1	2	146	90	100	90	90	125	85	9	2	3	3	768	0	0	0	255	80	35	15	15	5	46	46	49	290	200	600	0	2150319120	302402228	599916552	3	0	146	0	0	0
1	147	147	0	1	1	147	41	64	45	50	50	50	15	15	45	1	4	0	235	0	127	40	35	2	14	5	61	61	63	60	180	33	0	2177627204	100669990	1111621896	4	8	147	0	0	0
1	148	148	0	1	1	148	61	84	65	70	70	70	15	15	45	2	8	0	235	0	127	40	35	2	14	5	61	61	63	147	400	165	0	2177627204	100669990	1111621896	4	8	147	0	0	0
1	149	149	0	1	5	149	91	134	95	80	100	100	15	2	45	3	12	0	235	0	127	40	35	2	14	5	39	39	136	300	220	2100	0	3284923479	109861622	4064706888	7	8	147	0	0	0
1	150	150	0	1	6	150	106	110	90	130	154	90	13	13	3	3	768	0	0	0	255	120	0	15	15	5	46	46	127	340	200	1220	0	4159438029	1536723959	2323550700	10	0	150	0	0	0
1	151	151	0	1	9	151	100	100	100	100	100	100	13	13	45	3	3	157	157	0	255	120	100	15	15	3	28	28	28	300	40	40	0	4294967295	4294967295	4294967295	15	0	151	0	0	0
1	152	152	0	1	3	152	45	49	65	45	49	65	11	11	45	1	1024	0	0	0	31	20	50	1	7	3	65	65	102	64	90	64	0	2154661632	34609665	308413472	0	0	152	0	0	0
1	153	153	0	1	3	153	60	62	80	60	63	80	11	11	45	2	1040	0	0	0	31	20	50	1	7	3	65	65	102	142	120	158	0	2154661632	34609665	2455897120	2	0	152	0	0	0
1	154	154	0	1	3	154	80	82	100	80	83	100	11	11	45	3	2064	0	0	0	31	20	50	1	7	3	65	65	102	263	180	1005	0	2188232448	34609665	2456159272	10	1	152	0	0	0
1	155	155	0	1	2	155	39	52	43	65	60	50	9	9	45	1	64	0	0	0	31	20	50	5	5	3	66	66	18	62	50	79	0	2281768448	302127780	306315264	0	0	155	0	0	0
1	156	156	0	1	2	156	58	64	58	80	80	65	9	9	45	2	320	0	0	0	31	20	50	5	5	3	66	66	18	142	90	190	0	3355510289	302127780	2453798912	2	0	155	0	0	0
1	157	157	0	1	2	157	78	84	78	100	109	85	9	9	45	3	768	0	0	0	31	20	50	5	5	3	66	66	18	267	170	795	0	3391178257	311040740	2454094345	10	2	155	0	0	0
1	158	158	0	1	1	158	50	65	64	43	44	48	10	10	45	1	4	0	0	0	31	20	50	1	2	3	67	67	125	63	60	95	0	3359846983	42015424	1380090881	4	0	158	0	0	0
1	159	159	0	1	1	159	65	80	80	58	59	63	10	10	45	2	20	0	0	0	31	20	50	1	2	3	67	67	125	142	110	250	0	3359846999	42015424	3527574529	6	0	158	0	0	0
1	160	160	0	1	1	160	85	105	100	78	79	83	10	10	45	3	24	0	0	0	31	20	50	1	2	3	67	67	125	265	230	888	0	3393417815	109648576	3527836809	14	4	158	0	0	0
1	161	161	0	1	5	161	35	46	34	20	35	45	0	0	255	1	4	0	0	0	127	15	50	5	5	0	50	51	119	43	80	60	0	3907204613	58735110	1398931457	0	0	161	0	0	0
1	162	162	0	1	5	162	85	76	64	90	45	55	0	0	90	2	128	0	0	0	127	15	50	5	5	0	50	51	119	145	180	325	0	3923998213	59259398	3546415113	2	0	161	0	0	0
1	163	163	0	1	5	163	60	30	30	50	36	56	0	2	255	1	1	0	0	0	127	15	50	4	4	0	15	51	110	52	70	212	106	2952988168	1107589761	584192004	1	0	163	0	0	0
1	164	164	0	1	5	164	100	50	50	70	86	96	0	2	90	2	2	0	0	0	127	15	50	4	4	0	15	51	110	158	160	408	107	2953004552	1107589761	584192012	1	0	163	0	0	0
1	165	165	0	1	0	165	40	20	30	55	40	80	6	2	255	1	1024	0	0	0	127	15	50	3	3	4	68	48	155	53	100	108	0	3358426113	713308801	54658080	0	0	165	0	0	0
1	166	166	0	1	0	166	55	35	50	85	55	110	6	2	90	2	2048	0	0	0	127	15	50	3	3	4	68	48	89	137	140	356	0	3358442497	713833089	2202141736	2	0	165	0	0	0
1	167	167	0	1	3	167	40	60	40	30	40	40	6	3	255	1	4	0	0	0	127	15	50	3	3	4	68	15	97	50	50	85	0	2552562688	570440200	38469664	0	0	167	0	0	0
1	168	168	0	1	0	168	70	90	70	40	60	70	6	3	90	2	8	0	0	0	127	15	50	3	3	4	68	15	97	140	110	335	0	2552579072	570440200	38470696	0	0	167	0	0	0
1	169	169	0	1	6	169	85	90	80	130	70	80	3	2	90	3	192	0	0	0	127	15	50	4	4	0	39	39	151	268	180	750	30	2684832800	1107590024	599998474	1	0	41	0	0	0
1	170	170	0	1	1	170	75	38	38	67	56	56	10	12	190	1	1	0	0	0	127	20	50	12	12	5	10	35	11	66	50	120	0	2173907012	54599170	1111621920	4	0	170	0	0	0
1	171	171	0	1	1	171	125	58	58	67	76	76	10	12	75	2	2	0	0	0	127	20	50	12	12	5	10	35	11	161	120	225	0	2173923396	54599170	1111621928	4	0	170	0	0	0
1	172	172	0	1	2	172	20	40	15	60	35	35	12	12	190	1	64	0	0	0	127	10	50	15	15	0	9	9	31	41	30	20	103	2177073152	1132469763	1113719072	0	0	172	0	0	0
1	173	173	0	1	9	173	50	25	28	15	45	55	17	17	150	1	1024	0	81	0	191	10	140	15	15	4	56	98	132	44	30	30	99	3094054404	41949735	41029924	0	0	173	0	0	0
1	174	174	0	1	9	174	90	30	15	15	40	20	0	17	170	1	1	0	0	0	191	10	50	15	15	4	56	172	132	42	30	10	0	3089860100	41949735	41029924	0	0	174	0	0	0
1	175	175	0	1	8	175	35	20	65	20	40	65	17	17	190	1	1024	0	0	0	31	10	50	15	15	4	55	32	105	49	30	15	0	2956690948	1115691559	41029920	2	0	175	0	0	0
1	176	176	0	1	8	176	55	40	85	40	80	105	17	2	75	2	2048	0	0	0	31	10	50	4	6	4	55	32	105	142	60	32	0	4030449157	1250187943	577900840	3	0	175	0	0	0
1	177	177	0	1	3	177	40	50	45	70	70	45	13	2	190	1	256	0	0	0	127	20	50	4	4	0	28	48	156	64	20	20	0	2956428296	33880705	200413472	0	0	177	0	0	0
1	178	178	0	1	3	178	65	75	70	95	95	70	13	2	75	2	320	0	0	0	127	20	50	4	4	0	28	48	156	165	150	150	0	2956444680	33880705	737284392	1	0	177	0	0	0
1	179	179	0	1	8	179	55	40	40	35	65	45	12	12	235	1	256	0	0	0	127	20	50	1	5	3	9	9	57	56	60	78	0	2177597440	50338307	37880096	0	0	179	0	0	0
1	180	180	0	1	9	180	70	55	55	45	80	60	12	12	120	2	512	0	0	0	127	20	50	1	5	3	9	9	57	128	80	133	0	3251339265	58727939	2185363744	2	0	179	0	0	0
1	181	181	0	1	2	181	90	75	85	55	115	90	12	12	45	3	768	0	0	0	127	20	50	1	5	3	9	9	57	255	140	615	0	3251355649	126361091	2185625896	10	0	179	0	0	0
1	182	182	0	1	3	182	75	80	95	50	90	100	11	11	45	3	3072	0	0	0	127	20	50	7	7	3	34	34	131	245	40	58	0	2151499040	177216008	308413480	0	0	43	0	0	0
1	183	183	0	1	1	183	70	20	50	40	20	50	10	17	190	2	2	0	0	0	127	10	50	2	6	4	47	37	157	88	40	85	125	3359879749	42015232	3261202432	6	0	183	0	0	0
1	184	184	0	1	1	184	100	50	80	50	60	80	10	17	75	3	3	0	0	0	127	10	50	2	6	4	47	37	157	210	80	285	126	3359896133	42539520	3261464584	6	0	183	0	0	0
1	185	185	0	1	5	185	70	100	115	30	30	65	5	5	65	2	32	0	0	0	127	20	50	10	10	0	5	69	155	144	120	380	93	3389066249	2189441872	2185664592	2	0	185	0	0	0
1	186	186	0	1	3	186	90	75	75	70	90	100	10	10	45	3	3072	0	221	0	127	20	50	2	2	3	11	6	2	250	110	339	0	3657658437	42547712	3259367434	6	0	60	0	0	0
1	187	187	0	1	9	187	35	35	40	50	35	55	11	2	255	1	1024	0	0	0	127	20	50	6	7	3	34	102	151	50	40	5	0	2150958336	34609793	56759328	0	0	187	0	0	0
1	188	188	0	1	3	188	55	45	50	80	45	65	11	2	120	2	128	0	0	0	127	20	50	6	7	3	34	102	151	119	60	10	0	2150958336	34609793	56759328	0	0	187	0	0	0
1	189	189	0	1	1	189	75	55	70	110	55	95	11	2	45	3	192	0	0	0	127	20	50	6	7	3	34	102	151	230	80	30	0	2150974720	34609793	56759336	0	0	187	0	0	0
1	190	190	0	1	6	190	55	70	55	85	40	55	0	0	45	1	64	0	0	0	127	20	50	5	5	4	50	53	92	72	80	115	63	3991080453	1115699842	2473722115	2	0	190	0	0	0
1	191	191	0	1	2	191	30	30	30	30	30	30	11	11	235	1	256	0	0	0	127	20	50	7	7	3	34	94	48	36	30	18	0	2150466816	34609672	308412448	0	0	191	0	0	0
1	192	192	0	1	2	192	75	75	55	30	105	85	11	11	120	2	512	0	0	0	127	20	50	7	7	3	34	94	48	149	80	85	0	2150483200	34609672	308413480	0	0	191	0	0	0
1	193	193	0	1	0	193	65	65	45	95	75	45	6	2	75	1	64	0	265	0	127	20	50	3	3	0	3	14	119	78	120	380	0	2955215872	570718848	55706656	1	0	193	0	0	0
1	194	194	0	1	1	194	55	45	45	15	25	25	10	4	255	1	1	0	0	0	127	20	50	2	5	0	6	11	109	42	40	85	117	2320183396	33626648	1111883808	6	0	194	0	0	0
1	195	195	0	1	1	195	95	85	85	35	65	65	10	4	90	2	2	0	0	0	127	20	50	2	5	0	6	11	109	151	140	750	118	3393941605	42547800	3259400296	6	0	194	0	0	0
1	196	196	0	1	6	196	65	65	60	110	130	95	13	13	45	2	512	0	0	0	31	35	50	5	5	0	28	28	156	184	90	265	0	3092497928	33593857	443682856	0	0	133	0	0	0
1	197	197	0	1	4	197	95	65	110	65	60	130	16	16	45	2	2048	0	0	0	31	35	35	5	5	0	28	28	39	184	100	270	0	3091418624	33569536	307392554	0	0	133	0	0	0
1	198	198	0	1	4	198	60	85	42	91	85	42	16	2	30	1	64	0	0	0	127	20	35	4	4	3	15	105	158	81	50	21	74	2952989704	33848192	584216834	1	0	198	0	0	0
1	199	199	0	1	9	199	95	75	80	30	100	110	10	13	70	2	2048	0	221	0	127	20	50	1	2	0	12	20	144	172	200	795	0	4199281741	1254726180	3396735404	2	0	79	0	0	0
1	200	200	0	1	7	200	60	60	60	85	85	85	7	7	45	1	1024	0	0	0	127	25	35	11	11	4	26	26	26	87	70	10	72	2979204104	1392556930	173166882	0	0	200	0	0	0
1	201	201	494	28	4	201	48	72	48	48	72	48	13	13	225	2	260	0	0	0	255	40	50	15	15	0	26	26	26	118	50	50	114	0	0	0	0	0	201	0	0	0
1	202	202	0	1	1	202	190	33	58	33	33	58	13	13	45	2	2	0	0	0	127	20	50	11	11	0	23	23	140	142	130	285	0	524288	0	0	0	0	202	0	0	0
1	203	203	0	1	2	203	70	80	65	85	90	65	0	13	60	2	512	0	0	0	127	20	50	5	5	0	39	48	157	159	150	415	121	3016984072	1125169667	2322993444	2	0	203	0	0	0
1	204	204	0	1	7	204	50	65	90	15	35	35	6	6	190	1	16	0	0	0	127	20	50	3	3	0	5	5	142	58	60	72	0	2317714432	2717915729	2185658882	2	0	204	0	0	0
1	205	205	0	1	6	205	75	90	140	40	60	60	6	8	75	2	32	0	0	0	127	20	50	3	3	0	5	5	142	163	120	1258	0	2317730816	2717916753	2252767770	2	0	204	0	0	0
1	206	206	0	1	2	206	100	70	70	45	65	65	0	0	190	2	1	0	0	0	127	20	50	5	5	0	32	50	155	145	150	140	0	2883793932	50608742	2187238144	2	0	206	0	0	0
1	207	207	0	1	6	207	65	75	105	85	35	65	4	2	60	1	16	0	0	0	127	20	50	3	3	3	52	8	17	86	110	648	0	3393391616	44334040	2471480402	3	0	207	0	0	0
1	208	208	0	1	7	208	75	85	200	30	55	65	8	4	25	2	32	0	233	0	127	25	50	10	10	0	69	5	125	179	920	4000	35	2319535120	2248153936	2521225818	10	0	95	0	0	0
1	209	209	0	1	9	209	60	80	50	30	40	40	17	17	190	1	4	0	0	0	191	20	50	5	6	4	22	50	155	60	60	78	0	3954380437	42089263	2185634050	2	0	209	0	0	0
1	210	210	0	1	6	210	90	120	75	45	60	60	17	17	75	2	8	0	0	0	191	20	50	5	6	4	22	95	155	158	140	487	0	3958591125	42613615	2185666890	10	0	209	0	0	0
1	211	211	0	1	7	211	65	95	85	85	55	55	10	3	45	1	4	0	245	0	127	20	50	12	12	0	38	33	22	88	50	39	0	2684565604	2185304586	1112147714	4	0	211	0	0	0
1	212	212	0	1	0	212	70	130	100	65	55	80	6	8	25	2	8	0	0	0	127	25	50	3	3	0	68	101	135	175	180	1180	0	3221996544	581204624	2537751560	3	0	123	0	0	0
1	213	213	0	1	2	213	20	10	230	5	10	230	6	5	190	2	1040	43	43	0	127	20	50	3	3	3	5	82	126	177	60	205	0	2315846688	33561176	2185661040	2	0	213	0	0	0
1	214	214	0	1	1	214	80	125	75	85	40	95	6	1	45	2	8	0	0	0	127	25	50	3	3	5	68	62	153	175	150	540	62	3389212545	44579520	2454094921	2	0	214	0	0	0
1	215	215	0	1	4	215	55	95	55	115	35	75	16	14	60	1	64	0	217	0	127	20	35	5	5	3	39	51	124	86	90	280	144	3963829321	44055425	3529208963	2	0	215	0	0	0
1	216	216	0	1	5	216	60	80	50	40	50	50	0	0	120	1	4	0	0	0	127	20	50	5	5	0	53	95	118	66	60	88	0	3389197969	41958336	2454094851	2	0	216	0	0	0
1	217	217	0	1	5	217	90	130	75	55	75	75	0	0	60	2	8	0	0	0	127	20	50	5	5	0	62	95	127	175	180	1258	0	3389214353	42482624	2454095051	10	0	216	0	0	0
1	218	218	0	1	0	218	40	40	40	20	70	40	9	9	190	1	256	0	0	0	127	20	50	11	11	0	40	49	133	50	70	350	0	2147582976	302127733	37912576	2	0	218	0	0	0
1	219	219	0	1	0	219	60	50	120	30	90	80	9	5	75	2	32	0	0	0	127	20	50	11	11	0	40	49	133	151	80	550	0	2183250944	2449611381	2185661016	2	0	218	0	0	0
1	220	220	0	1	5	220	50	50	40	50	30	30	14	4	225	1	4	0	0	0	127	20	50	5	5	5	12	81	47	50	40	65	0	2315497552	33561169	2185660544	2	0	220	0	0	0
1	221	221	0	1	5	221	100	100	80	50	60	60	14	4	75	2	5	0	0	0	127	20	50	5	5	5	12	81	47	158	110	558	0	2315513936	33561169	2185660616	2	0	220	0	0	0
1	222	222	0	1	9	222	65	55	95	35	65	95	10	5	60	2	1040	0	238	0	191	20	50	2	9	4	55	30	144	144	60	50	0	3121329228	2185304657	3259402320	2	0	222	0	0	0
1	223	223	0	1	7	223	35	65	35	65	65	35	10	10	190	1	256	0	0	0	127	20	50	2	12	0	55	97	141	60	60	120	132	2416145668	54606372	1111621888	4	0	223	0	0	0
1	224	224	0	1	0	224	75	105	75	45	105	75	10	10	75	2	260	0	0	0	127	20	50	2	12	0	21	97	141	168	90	285	133	2416145668	55654956	1178730762	4	0	223	0	0	0
1	225	225	0	1	0	225	45	55	45	75	65	45	14	2	45	2	64	0	0	0	127	20	50	2	5	4	72	55	15	116	90	160	0	3221434437	41974400	583139460	1	0	225	0	0	0
1	226	226	0	1	6	226	85	40	70	70	80	140	10	2	25	2	2048	0	0	0	127	25	50	2	2	5	33	11	41	170	210	2200	141	2181263684	38083264	1111916552	5	0	226	0	0	0
1	227	227	0	1	7	227	65	80	140	70	40	70	8	2	25	2	32	0	233	0	127	25	50	4	4	5	51	5	133	163	170	505	0	2147552272	33848272	918801442	3	0	227	0	0	0
1	228	228	0	1	4	228	45	60	30	65	80	50	16	9	120	1	256	0	0	0	127	20	35	5	5	5	48	18	127	66	60	108	0	2690714640	1375877932	38952962	2	0	228	0	0	0
1	229	229	0	1	4	229	75	90	50	95	110	80	16	9	45	2	512	0	0	0	127	20	35	5	5	5	48	18	127	175	140	350	0	2690731024	1375877932	2186436618	2	0	228	0	0	0
1	230	230	0	1	1	230	75	95	95	85	95	95	10	15	45	3	1284	0	235	0	127	20	50	2	14	0	33	97	6	270	180	1520	0	2147708996	104929792	1178730504	4	8	116	0	0	0
1	231	231	0	1	1	231	90	60	60	40	40	40	4	4	120	1	1	0	0	0	127	20	50	5	5	0	53	53	8	66	50	335	0	2185298960	33561168	2185660416	2	0	231	0	0	0
1	232	232	0	1	7	232	90	120	120	50	60	60	4	4	60	2	20	0	0	0	127	20	50	5	5	0	5	5	8	175	110	1200	0	2185315344	33561168	2186185304	2	0	231	0	0	0
1	233	233	0	1	0	233	85	80	90	60	105	95	0	0	45	2	512	0	0	0	255	20	50	10	10	0	36	88	148	180	60	325	0	2984473600	50342530	173150508	0	0	137	0	0	0
1	234	234	0	1	5	234	73	95	62	85	85	65	0	0	45	2	4	0	0	0	127	20	50	5	5	5	22	119	157	163	140	712	0	3018032664	51427843	173412648	0	0	234	0	0	0
1	235	235	0	1	8	235	55	20	35	75	20	45	0	0	45	2	64	0	0	0	127	20	50	5	5	4	20	101	141	88	120	580	0	0	0	0	0	0	235	0	0	0
1	236	236	0	1	6	236	35	35	35	35	35	35	1	1	75	1	4	0	0	0	0	25	50	15	15	0	62	80	72	42	70	210	0	3322087040	33569280	2185658368	2	0	236	0	0	0
1	237	237	0	1	5	237	50	95	95	70	35	110	1	1	45	2	2048	0	0	0	0	25	50	8	8	0	22	101	80	159	140	480	0	3456304768	34093712	2185658944	2	0	236	0	0	0
1	238	238	0	1	9	238	45	30	15	65	85	65	14	13	45	1	256	0	0	0	254	25	50	15	15	0	12	108	93	61	40	60	0	2953031756	1115732481	175247526	0	0	238	0	0	0
1	239	239	0	1	2	239	45	63	37	95	65	55	12	12	45	1	64	0	322	0	63	25	50	15	15	0	9	9	72	72	60	235	0	3515056129	58736130	37880096	2	0	239	0	0	0
1	240	240	0	1	0	240	45	75	37	83	70	55	9	9	45	1	64	0	323	0	63	25	50	15	15	0	49	49	72	73	70	214	0	3493921793	310524452	37879808	2	0	240	0	0	0
1	241	241	0	1	9	241	95	80	105	100	40	70	0	0	45	2	32	33	33	0	254	20	50	5	5	5	47	113	157	172	120	755	0	3823334917	42474066	3259407112	2	0	241	0	0	0
1	242	242	0	1	9	242	255	10	10	55	75	135	0	0	30	3	3	0	231	0	254	40	140	6	6	4	30	32	131	635	150	468	98	4093376077	193501814	2188810668	10	0	113	0	0	0
1	243	243	0	1	2	243	90	85	75	115	115	100	12	12	3	3	384	0	0	0	255	80	35	15	15	5	46	46	39	290	190	1780	0	2848179224	50400787	2454073640	10	0	243	0	0	0
1	244	244	0	1	5	244	115	115	85	100	90	75	9	9	3	3	9	0	0	0	255	80	35	15	15	5	46	46	39	290	210	1980	0	2825077784	302123573	2454073448	10	0	244	0	0	0
1	245	245	0	1	1	245	100	75	115	85	90	115	10	10	3	3	2064	0	0	0	255	80	35	15	15	5	46	46	39	290	200	1870	0	2822992988	37816849	1380331656	14	0	245	0	0	0
1	246	246	0	1	3	246	50	64	50	41	45	50	5	4	45	1	4	0	0	0	127	40	35	1	1	5	62	62	8	60	60	720	0	3393408000	33561424	38201426	2	0	246	0	0	0
1	247	247	0	1	7	247	70	84	70	51	65	70	5	4	45	2	8	0	0	0	127	40	35	1	1	5	61	61	61	144	120	1520	0	3393408000	33561424	38201426	2	0	246	0	0	0
1	248	248	0	1	3	248	100	134	110	61	95	100	5	16	45	3	12	0	0	0	127	40	35	1	1	5	45	45	127	300	200	2020	0	3418586135	109583350	3527862747	10	0	246	0	0	0
1	249	249	0	1	8	249	106	90	130	110	90	154	13	2	3	3	3072	0	0	0	255	120	0	15	15	5	46	46	136	340	520	2160	0	3016750172	121948819	3797291432	7	0	249	0	0	0
1	250	250	0	1	0	250	106	130	90	90	110	154	9	2	3	3	3072	0	0	0	255	120	0	15	15	5	46	46	144	340	380	1990	0	3014640664	319179447	2731938088	3	0	250	0	0	0
1	251	251	0	1	3	251	100	100	100	100	100	100	13	11	45	3	3	157	157	0	255	120	100	15	15	3	30	30	30	300	60	50	0	2956968972	1133546131	460463400	0	0	251	0	0	0
1	252	252	0	1	3	252	40	45	35	70	65	55	11	11	45	1	64	0	0	0	31	20	50	1	14	3	65	65	84	62	50	50	0	3362588417	177216192	2455929888	2	0	252	0	0	0
1	253	253	0	1	3	253	50	65	45	95	85	65	11	11	45	2	128	0	0	0	31	20	50	1	14	3	65	65	84	142	90	216	0	3429697281	179313344	2455995424	2	0	252	0	0	0
1	254	254	0	1	3	254	70	85	65	120	105	85	11	11	45	3	192	0	0	0	31	20	50	1	14	3	65	65	84	265	170	522	0	3463268115	246946496	2456257576	10	1	252	0	0	0
1	255	255	0	1	0	255	45	60	40	45	70	50	9	9	45	1	256	0	0	0	31	20	50	5	5	3	66	66	3	62	40	25	0	2281768448	302127844	2453832705	2	0	255	0	0	0
1	256	256	0	1	0	256	60	85	60	55	85	60	9	1	45	2	260	0	0	0	31	20	50	5	5	3	66	66	3	142	90	195	0	3422619265	311040740	2454356993	2	0	255	0	0	0
1	257	257	0	1	0	257	80	120	70	80	110	70	9	1	45	3	12	0	0	0	31	20	50	5	5	3	66	66	3	265	190	520	0	3458287249	311040740	2471396425	10	2	255	0	0	0
1	258	258	0	1	1	258	50	70	50	40	50	50	10	10	45	1	4	0	0	0	31	20	50	1	2	3	67	67	6	62	40	76	0	2286105156	33626688	3259138176	6	0	258	0	0	0
1	259	259	0	1	1	259	70	85	70	50	60	70	10	4	45	2	8	0	0	0	31	20	50	1	2	3	67	67	6	142	70	280	0	3393401412	42015296	3259402368	6	0	258	0	0	0
1	260	260	0	1	1	260	100	110	90	60	85	90	10	4	45	3	12	0	0	0	31	20	50	1	2	3	67	67	6	268	150	819	0	3393417941	42539584	3259402440	14	4	258	0	0	0
1	261	261	0	1	7	261	35	55	35	35	30	30	16	16	255	1	4	0	0	0	127	15	50	5	5	0	50	95	155	56	50	136	0	2822966288	1107311360	37904386	2	0	261	0	0	0
1	262	262	0	1	7	262	70	90	70	70	60	60	16	16	127	2	8	0	0	0	127	15	50	5	5	0	22	95	153	147	100	370	0	2822982672	1107311360	2185388042	2	0	261	0	0	0
1	263	263	0	1	5	263	38	30	41	60	30	41	0	0	255	1	64	17	28	0	127	15	50	5	5	0	53	82	95	56	40	175	0	2848142852	58735106	1382154496	2	0	263	0	0	0
1	264	264	0	1	8	264	78	70	61	100	50	61	0	0	90	2	128	17	29	0	127	15	50	5	5	0	53	82	95	147	50	325	0	2848159252	58735106	3529638153	2	0	263	0	0	0
1	265	265	0	1	0	265	45	45	35	20	20	30	6	6	255	1	1	151	213	0	127	15	50	3	3	0	19	19	50	56	30	36	48	0	0	0	0	0	265	0	0	0
1	266	266	0	1	8	266	50	35	55	15	25	25	6	6	120	2	32	0	0	0	127	15	50	3	3	0	61	61	61	72	60	100	49	0	0	0	0	0	265	0	0	0
1	267	267	0	1	2	267	60	70	50	65	100	50	6	2	45	3	768	0	295	0	127	15	50	3	3	0	68	68	79	198	100	284	50	2955756544	571751040	54657064	1	0	265	0	0	0
1	268	268	0	1	6	268	50	35	55	15	25	25	6	6	120	2	32	0	0	0	127	15	50	3	3	0	61	61	61	72	70	115	51	0	0	0	0	0	265	0	0	0
1	269	269	0	1	3	269	60	50	70	65	50	90	6	3	45	3	3072	0	295	0	127	15	50	3	3	0	19	19	14	193	120	316	52	2955265056	571751048	54657064	1	0	265	0	0	0
1	270	270	0	1	3	270	40	30	30	30	40	50	10	11	255	1	1024	0	219	0	127	15	50	2	7	3	33	44	20	44	50	26	0	2150053188	34683392	1113719840	0	0	270	0	0	0
1	271	271	0	1	3	271	60	50	50	50	60	70	10	11	120	2	2048	0	219	0	127	15	50	2	7	3	33	44	20	119	120	325	0	3223795012	177289728	3261203488	6	0	270	0	0	0
1	272	272	0	1	3	272	80	70	70	70	90	100	10	11	45	3	3072	0	219	0	127	15	50	2	7	3	33	44	20	240	150	550	0	3223811397	177814016	3261203496	14	0	270	0	0	0
1	273	273	0	1	5	273	40	40	50	30	30	30	11	11	255	1	16	0	271	0	127	15	50	5	7	3	34	48	124	44	50	40	0	2820998400	3257932288	39978018	2	0	273	0	0	0
1	274	274	0	1	5	274	70	70	40	60	60	40	11	16	120	2	8	0	271	0	127	15	50	5	7	3	34	48	124	119	100	280	0	3961865472	3266329408	2455958562	2	0	273	0	0	0
1	275	275	0	1	5	275	90	100	60	80	90	60	11	16	45	3	12	0	271	0	127	15	50	5	7	3	34	48	124	240	130	596	0	3961865472	3266853824	2456024106	3	0	273	0	0	0
1	276	276	0	1	1	276	40	55	30	85	30	30	0	2	200	1	64	0	0	0	127	15	50	4	4	3	62	62	113	54	30	23	0	2147681792	33847936	599916544	1	0	276	0	0	0
1	277	277	0	1	1	277	60	85	60	125	75	50	0	2	45	2	128	0	0	0	127	15	50	4	4	3	62	62	113	159	70	198	0	2147698176	33847936	599916552	1	0	276	0	0	0
1	278	278	0	1	8	278	40	30	30	85	55	30	10	2	190	1	64	0	0	0	127	20	50	2	4	0	51	93	44	54	60	95	119	2147692612	38107778	599916544	1	0	278	0	0	0
1	279	279	0	1	2	279	60	50	100	65	95	70	10	2	45	2	32	0	0	0	127	20	50	2	4	0	51	2	44	154	120	280	120	2147708996	46496386	1673658378	1	0	278	0	0	0
1	280	280	0	1	8	280	28	25	25	40	45	35	13	17	235	1	256	0	0	0	127	20	35	8	11	5	28	36	140	40	40	66	0	2962983944	327203587	175247652	0	0	280	0	0	0
1	281	281	0	1	8	281	38	35	35	50	65	55	13	17	120	2	512	0	0	0	127	20	35	8	11	5	28	36	140	97	80	202	0	2962983944	327203587	175247652	0	0	280	0	0	0
1	282	282	0	1	8	282	68	65	65	80	125	115	13	17	45	3	768	0	0	0	127	20	35	8	11	5	28	36	140	259	160	484	0	2963000328	328776451	175247660	0	0	280	0	0	0
1	283	283	0	1	1	283	40	30	32	65	50	52	6	10	200	1	64	94	0	0	127	15	50	2	3	0	33	33	44	54	50	17	0	2686923780	33634816	37883936	0	0	283	0	0	0
1	284	284	0	1	1	284	70	60	62	80	100	82	6	2	75	2	1280	0	222	0	127	15	50	2	3	0	22	22	127	159	80	36	0	2686940164	571816576	54661160	1	0	283	0	0	0
1	285	285	0	1	5	285	60	40	60	35	40	60	11	11	255	1	1	86	87	0	127	15	50	6	7	2	27	90	95	59	40	45	0	2150434080	170924552	39976992	0	0	285	0	0	0
1	286	286	0	1	3	286	60	130	80	70	60	60	11	1	90	2	8	86	87	0	127	15	50	6	7	2	27	90	101	161	120	392	0	3295496065	179837512	2455929960	2	0	285	0	0	0
1	287	287	0	1	5	287	60	60	60	30	35	35	0	0	255	1	1	0	0	0	127	15	50	5	5	5	54	54	54	56	80	240	0	3785569925	41949926	2453831681	2	0	287	0	0	0
1	288	288	0	1	8	288	80	80	80	90	55	55	0	0	120	2	128	0	0	0	127	15	50	5	5	5	72	72	72	154	140	465	0	3886235285	42474214	2454093825	10	0	287	0	0	0
1	289	289	0	1	5	289	150	160	100	100	95	65	0	0	45	3	3	0	0	0	127	15	50	5	5	5	54	54	54	285	200	1305	0	3886251669	42474214	2454093833	10	0	287	0	0	0
1	290	290	0	1	7	290	31	45	90	40	30	30	6	4	255	1	16	0	237	0	127	15	50	3	3	1	14	14	50	53	50	55	0	2820998144	572525200	306380832	0	0	290	0	0	0
1	291	291	0	1	2	291	61	90	45	160	50	50	6	2	120	2	128	0	0	0	127	15	50	3	3	1	3	3	151	160	80	120	0	2821014528	572795536	323159080	1	0	290	0	0	0
1	292	292	0	1	5	292	1	90	45	40	30	30	6	7	45	2	2	0	0	0	255	15	50	10	10	1	25	25	25	83	80	12	0	2821014528	840968848	307429417	0	0	290	0	0	0
1	293	293	0	1	9	293	64	51	23	28	51	23	0	0	190	1	1	0	0	0	127	20	50	1	5	3	43	43	155	48	60	163	0	2686662164	41949734	37879808	0	0	293	0	0	0
1	294	294	0	1	1	294	84	71	43	48	71	43	0	0	120	2	2	0	0	0	127	20	50	1	5	3	43	43	113	126	100	405	0	3793960468	42081126	2185658368	2	0	293	0	0	0
1	295	295	0	1	1	295	104	91	63	68	91	73	0	0	45	3	3	0	0	0	127	20	50	1	5	3	43	43	113	245	150	840	0	3793976852	42605414	3259400328	10	0	293	0	0	0
1	296	296	0	1	2	296	72	60	30	25	20	30	1	1	180	1	1	0	241	0	63	20	50	8	8	2	47	62	125	47	100	864	0	3456304769	42474048	3259924480	10	0	296	0	0	0
1	297	297	0	1	5	297	144	120	60	50	40	60	1	1	200	2	2	0	221	0	63	20	50	8	8	2	47	62	125	166	230	2538	0	3456321153	46668352	3259924554	10	0	296	0	0	0
1	298	298	0	1	1	298	50	20	40	20	20	40	0	17	150	1	1	0	0	0	191	10	50	15	15	4	47	37	157	38	20	20	124	2151920196	33626624	1111621632	4	0	298	0	0	0
1	299	299	0	1	7	299	30	45	135	30	45	90	5	5	255	1	16	0	242	0	127	20	50	10	10	0	5	42	159	75	100	970	0	2207321088	2181046098	2185660752	2	0	299	0	0	0
1	300	300	0	1	9	300	50	45	45	50	35	35	0	0	255	1	64	0	0	0	191	15	50	5	6	4	56	96	147	52	60	110	0	2850764300	1124080130	41029922	0	0	300	0	0	0
1	301	301	0	1	6	301	70	65	65	90	55	55	0	0	60	2	65	0	0	0	191	15	50	5	6	4	56	96	147	140	110	326	0	2850780684	1124080130	2188513578	2	0	300	0	0	0
1	302	302	0	1	6	302	50	75	75	50	65	65	16	7	45	2	20	0	265	0	127	25	35	8	8	3	51	100	158	133	50	110	0	4229106701	1518353346	307917347	2	0	302	0	0	0
1	303	303	0	1	4	303	50	85	85	50	55	55	8	17	45	2	20	0	278	0	127	20	50	5	6	4	52	22	125	133	60	115	0	3760413697	61348732	2254621770	2	0	303	0	0	0
1	304	304	0	1	7	304	50	70	100	30	40	40	8	5	180	1	16	0	238	0	127	35	35	1	1	5	5	69	134	66	40	600	0	2319647764	33561298	2454095889	2	0	304	0	0	0
1	305	305	0	1	7	305	60	90	140	40	50	50	8	5	90	2	32	0	238	0	127	35	35	1	1	5	5	69	134	151	90	1200	0	2319647764	33561298	2454095953	2	0	304	0	0	0
1	306	306	0	1	7	306	70	110	180	50	60	60	8	5	45	3	48	0	238	0	127	35	35	1	1	5	5	69	134	265	210	3600	0	3420683287	109583094	3594963419	10	0	304	0	0	0
1	307	307	0	1	1	307	30	40	55	60	40	55	1	13	180	1	64	0	0	0	127	20	50	8	8	0	74	74	140	56	60	112	86	4093871753	176691777	2189070372	2	0	307	0	0	0
1	308	308	0	1	0	308	60	60	75	80	60	75	1	13	90	2	128	0	0	0	127	20	50	8	8	0	74	74	140	144	130	315	87	4093888137	177740353	2189070380	2	0	307	0	0	0
1	309	309	0	1	3	309	40	45	40	65	65	40	12	12	120	1	64	0	0	0	127	20	50	5	5	5	9	31	58	59	60	152	0	2177073168	50347526	2185371936	0	0	309	0	0	0
1	310	310	0	1	2	310	70	75	60	105	105	60	12	12	45	2	128	0	0	0	127	20	50	5	5	5	9	31	58	166	150	402	0	2177089552	50478598	2185371944	0	0	309	0	0	0
1	311	311	0	1	2	311	60	50	40	95	85	75	12	12	200	2	64	0	0	0	127	20	50	6	6	0	57	57	31	142	40	42	0	2177073152	1132502530	39977248	0	0	311	0	0	0
1	312	312	0	1	2	312	60	40	50	95	75	85	12	12	200	2	64	0	0	0	127	20	50	6	6	0	58	58	10	142	40	42	0	2177073152	1132469762	39977248	0	0	312	0	0	0
1	313	313	0	1	7	313	65	73	75	85	47	85	6	6	150	2	64	0	213	0	0	15	50	3	8	1	35	68	158	151	70	177	0	3786900485	595868290	54661408	0	0	313	0	0	0
1	314	314	0	1	6	314	65	47	75	85	73	85	6	6	150	2	64	0	213	0	254	15	50	3	8	2	12	110	158	151	60	177	0	3786900485	595868290	54661408	0	0	314	0	0	0
1	315	315	0	1	3	315	50	60	45	65	100	80	11	3	150	2	512	0	245	0	127	20	50	6	7	3	30	38	102	140	30	20	26	2687960352	34609672	308941856	0	0	315	0	0	0
1	316	316	0	1	3	316	70	43	53	40	43	53	3	3	225	1	1	155	158	0	127	20	50	11	11	2	64	60	82	60	40	103	0	2686653732	2181044746	2186412032	2	0	316	0	0	0
1	317	317	0	1	6	317	100	73	83	55	73	83	3	3	75	2	2	155	158	0	127	20	50	11	11	2	64	60	82	163	170	800	0	2720224548	2181044746	2186674184	2	0	316	0	0	0
1	318	318	0	1	0	318	45	90	20	65	65	20	10	16	225	1	4	0	226	0	127	20	35	12	12	5	24	24	3	61	80	208	0	2147694660	37829376	1111646210	4	0	318	0	0	0
1	319	319	0	1	1	319	70	120	40	95	95	40	10	16	60	2	8	0	226	0	127	20	35	12	12	5	24	24	3	161	180	888	0	2181265492	37829440	3259916426	6	0	318	0	0	0
1	320	320	0	1	1	320	130	70	35	60	70	35	10	10	125	1	1	0	0	0	127	40	50	5	12	2	41	12	46	80	200	1300	0	2181247060	37820992	3259367552	6	0	320	0	0	0
1	321	321	0	1	1	321	170	90	45	60	90	45	10	10	60	2	2	0	0	0	127	40	50	5	12	2	41	12	46	175	1450	3980	0	2181263444	37820992	3259367560	6	0	320	0	0	0
1	322	322	0	1	2	322	60	60	40	35	65	45	9	4	255	1	256	0	0	0	127	20	50	5	5	0	12	86	20	61	70	240	0	2315322368	302127732	2185660416	2	0	322	0	0	0
1	323	323	0	1	0	323	70	100	70	40	105	75	9	4	150	2	260	0	0	0	127	20	50	5	5	0	40	116	83	161	190	2200	0	2317435920	2449611380	2252769368	2	0	322	0	0	0
1	324	324	0	1	5	324	70	85	140	20	85	70	9	9	90	2	32	0	249	0	127	20	50	5	5	0	73	70	75	165	50	804	0	2187412480	2449611372	2185661000	2	0	324	0	0	0
1	325	325	0	1	4	325	60	25	35	60	70	80	13	13	255	1	1024	0	0	0	127	20	50	5	5	4	47	20	82	66	70	306	0	2957216776	50379523	175247654	0	0	325	0	0	0
1	326	326	0	1	6	326	80	45	65	80	90	110	13	13	60	2	2048	0	0	0	127	20	50	5	5	4	47	20	82	165	90	715	0	4030974985	1268300547	175509806	0	0	325	0	0	0
1	327	327	0	1	5	327	60	60	60	60	60	60	0	0	255	2	256	0	0	0	127	15	50	5	8	4	20	77	126	126	110	50	0	4161472013	176208450	2320666660	2	0	327	0	0	0
1	328	328	0	1	5	328	45	100	45	10	45	45	4	4	255	1	4	0	237	0	127	20	50	3	14	3	52	71	125	58	70	150	0	2317698048	33561168	2185658368	2	0	328	0	0	0
1	329	329	0	1	3	329	50	70	50	70	50	50	4	15	120	2	68	0	0	0	127	20	50	3	14	3	26	26	26	119	110	153	0	2317698048	637819472	2739306496	3	8	328	0	0	0
1	330	330	0	1	3	330	80	100	80	100	80	80	4	15	45	3	132	0	0	0	127	20	50	3	14	3	26	26	26	260	200	820	0	2321892354	637819636	2739306568	3	8	328	0	0	0
1	331	331	0	1	3	331	50	85	40	35	85	40	11	11	190	1	256	0	288	0	127	20	35	7	8	3	8	8	11	67	40	513	0	3223651585	1250957840	308954146	0	0	331	0	0	0
1	332	332	0	1	3	332	70	115	60	55	115	60	11	16	60	2	260	0	288	0	127	20	35	7	8	3	8	8	11	166	130	774	0	3223667969	1251482128	2456437802	0	0	331	0	0	0
1	333	333	0	1	1	333	45	40	60	50	40	75	0	2	255	1	1024	0	0	0	127	20	50	4	14	1	30	30	13	62	40	12	0	2151355392	103053952	584192000	0	0	333	0	0	0
1	334	334	0	1	1	334	75	70	90	80	70	105	15	2	45	2	2048	0	0	0	127	20	50	4	14	1	30	30	13	172	110	206	0	2189120530	103053988	584454152	2	8	333	0	0	0
1	335	335	0	1	8	335	73	115	60	90	60	60	0	0	90	2	8	0	217	0	127	20	50	5	5	1	17	17	137	160	130	403	0	3924246037	44579558	2185987331	10	0	335	0	0	0
1	336	336	0	1	4	336	73	100	60	65	100	60	3	3	90	2	260	0	295	0	127	20	50	5	14	2	61	61	151	160	270	525	0	2319911936	33569292	2186232834	2	0	336	0	0	0
1	337	337	0	1	2	337	90	55	65	70	95	85	5	13	45	2	512	90	81	0	255	25	50	10	10	4	26	26	26	161	100	1680	0	2987126856	3271592529	175544956	0	0	337	0	0	0
1	338	338	0	1	0	338	90	95	85	70	55	65	5	13	45	2	8	90	80	0	255	25	50	10	10	4	26	26	26	161	120	1540	0	2989212680	2466417269	175545980	0	0	338	0	0	0
1	339	339	0	1	7	339	50	48	43	60	46	41	10	4	190	1	1	0	0	0	127	20	50	12	12	0	12	107	93	58	40	19	80	2181247044	33626704	1111883776	4	0	339	0	0	0
1	340	340	0	1	1	340	110	78	73	60	76	71	10	4	75	2	2	0	0	0	127	20	50	12	12	0	12	107	93	164	90	236	81	2181263428	33626704	3259400264	6	0	339	0	0	0
1	341	341	0	1	0	341	43	80	65	35	50	35	10	10	205	1	4	0	0	0	127	15	50	2	9	2	52	75	91	62	60	115	0	3355654212	44112584	3527640066	6	0	341	0	0	0
1	342	342	0	1	0	342	63	120	85	55	90	55	10	16	155	2	8	0	0	0	127	15	50	2	9	2	52	75	91	164	110	328	0	3355670596	1117854408	3527664778	6	0	341	0	0	0
1	343	343	0	1	5	343	40	40	55	55	40	70	4	13	255	1	1024	0	269	0	255	20	50	10	10	0	26	26	26	60	50	215	0	3124466696	2197850705	175544884	0	0	343	0	0	0
1	344	344	0	1	4	344	60	70	105	75	70	120	4	13	90	2	2048	0	269	0	255	20	50	10	10	0	26	26	26	175	150	1080	0	3124483080	3271592529	2323028604	2	0	343	0	0	0
1	345	345	0	1	6	345	66	41	77	23	61	87	5	11	45	1	1024	0	296	0	31	30	50	9	9	1	21	21	114	71	100	238	0	2149909760	38804056	40012848	0	0	345	0	0	0
1	346	346	0	1	3	346	86	81	97	43	81	107	5	11	45	2	2048	0	296	0	31	30	50	9	9	1	21	21	114	173	150	604	0	2317698304	38804056	2187758712	2	0	345	0	0	0
1	347	347	0	1	7	347	45	95	50	75	40	50	5	6	45	1	4	0	0	0	31	30	50	9	9	1	4	4	33	71	70	125	0	3355509764	39852752	306416656	2	0	347	0	0	0
1	348	348	0	1	7	348	75	125	100	45	70	80	5	6	45	2	8	0	0	0	31	30	50	9	9	1	4	4	33	173	150	682	0	3393274884	39852752	2521271385	2	0	347	0	0	0
1	349	349	0	1	5	349	20	15	20	80	10	55	10	10	255	1	64	0	0	0	127	20	50	2	14	1	33	12	91	40	60	74	138	2151919684	104929792	1111621632	4	0	349	0	0	0
1	350	350	0	1	9	350	95	60	79	81	100	125	10	10	60	2	2048	0	0	0	127	20	50	2	14	1	63	172	56	189	620	1620	139	2152460356	104929792	1111888008	4	0	349	0	0	0
1	351	351	521	4	7	351	70	70	70	70	70	70	0	0	45	2	1	243	243	0	127	25	50	6	11	0	59	59	59	147	30	8	0	2711828036	34683446	37884320	0	0	351	0	0	0
1	352	352	0	1	3	352	60	90	70	40	60	120	0	0	200	2	1024	0	0	0	127	20	50	5	5	3	16	16	168	154	100	220	0	3923981829	1266727654	2590152997	2	0	352	0	0	0
1	353	353	0	1	4	353	44	75	35	45	63	33	7	7	225	1	4	0	247	0	127	25	35	11	11	4	15	119	130	59	60	23	0	2979204104	318814978	173166882	0	0	353	0	0	0
1	354	354	0	1	4	354	64	115	65	65	83	63	7	7	45	2	8	0	247	0	127	25	35	11	11	4	15	119	130	159	110	125	0	2979220488	327203586	173166891	0	0	353	0	0	0
1	355	355	0	1	4	355	20	40	90	25	30	90	7	7	190	1	1024	0	247	0	127	25	35	11	11	4	26	26	119	59	80	150	0	2953001992	327203584	173166626	0	0	355	0	0	0
1	356	356	0	1	4	356	40	70	130	25	60	130	7	7	90	2	1040	0	247	0	127	25	35	11	11	4	46	46	119	159	160	306	0	4060314633	327203648	2320945194	2	0	355	0	0	0
1	357	357	0	1	3	357	99	68	83	51	72	87	11	2	200	2	2	0	0	0	127	25	50	1	7	5	34	94	139	161	200	1000	0	2184004880	101997184	2993030184	3	0	357	0	0	0
1	358	358	0	1	1	358	75	50	80	65	95	90	13	13	45	2	1280	0	224	0	127	25	50	11	11	4	26	26	26	159	60	10	83	2954595336	51419907	175247652	0	0	358	0	0	0
1	359	359	0	1	8	359	65	130	60	75	75	60	16	16	30	2	8	0	0	0	127	25	35	5	5	3	46	105	154	163	120	470	0	2713943116	320879606	2454975851	2	0	359	0	0	0
1	360	360	0	1	1	360	95	23	48	23	23	48	13	13	125	1	1	0	0	0	127	20	50	15	15	0	23	23	140	52	60	140	0	524288	0	0	0	0	360	0	0	0
1	361	361	0	1	7	361	50	50	50	50	50	50	14	14	190	1	1	0	0	0	127	20	50	6	10	0	39	115	141	60	70	168	0	2685120580	33561088	37879968	0	0	361	0	0	0
1	362	362	0	1	7	362	80	80	80	80	80	80	14	14	75	2	2	0	0	0	127	20	50	6	10	0	39	115	141	168	150	2565	0	2718693444	2181044992	38159018	0	0	361	0	0	0
1	363	363	0	1	1	363	70	40	50	25	55	50	14	10	255	1	1	0	0	0	127	20	50	2	5	3	47	115	12	58	80	395	0	2185441348	37755456	3259400192	6	0	363	0	0	0
1	364	364	0	1	1	364	90	60	70	45	75	70	14	10	120	2	2	0	0	0	127	20	50	2	5	3	47	115	12	144	110	876	0	2185441364	37755456	3259400192	6	0	363	0	0	0
1	365	365	0	1	1	365	110	80	90	65	95	90	14	10	45	3	3	0	0	0	127	20	50	2	5	3	47	115	12	265	140	1506	0	2185457748	37755456	3259401352	6	0	363	0	0	0
1	366	366	0	1	1	366	35	64	85	32	74	55	10	10	255	1	16	88	89	0	127	20	50	2	2	1	75	75	155	69	40	525	0	2147692612	37820928	1111621632	4	0	366	0	0	0
1	367	367	0	1	1	367	55	104	105	52	94	75	10	10	60	2	20	0	226	0	127	20	50	2	2	1	33	33	41	170	170	270	0	2147708996	37820992	1111621640	4	0	366	0	0	0
1	368	368	0	1	9	368	55	84	105	52	114	75	10	10	60	2	512	0	227	0	127	20	50	2	2	1	33	33	93	170	180	226	0	2953539652	37820928	1111625736	4	0	366	0	0	0
1	369	369	0	1	7	369	100	90	130	55	45	65	10	5	25	2	17	0	227	0	31	40	50	2	12	5	33	69	5	170	100	234	0	2181787724	37821008	1111922776	6	0	369	0	0	0
1	370	370	0	1	9	370	43	30	55	97	40	65	10	10	225	2	64	93	0	0	191	20	50	12	12	4	33	33	93	116	60	87	0	2148216900	37820928	1111625728	4	0	370	0	0	0
1	371	371	0	1	1	371	45	75	60	50	40	30	15	15	45	1	4	0	250	0	127	40	35	14	14	5	69	69	125	60	60	421	0	3221423122	100670180	2453831681	2	8	371	0	0	0
1	372	372	0	1	8	372	65	95	100	50	60	50	15	15	45	2	32	0	250	0	127	40	35	14	14	5	69	69	142	147	110	1105	0	3221423122	100670180	2453831681	2	8	371	0	0	0
1	373	373	0	1	1	373	95	135	80	100	110	80	15	2	45	3	12	0	250	0	127	40	35	14	14	5	22	22	153	300	150	1026	0	3259188242	100948708	2990964809	3	8	371	0	0	0
1	374	374	0	1	1	374	40	55	80	30	35	60	8	13	3	1	16	0	233	0	255	40	35	10	10	5	29	29	135	60	60	952	0	0	0	0	0	0	374	0	0	0
1	375	375	0	1	1	375	60	75	100	50	55	80	8	13	3	2	32	0	233	0	255	40	35	10	10	5	29	29	135	147	120	2025	0	4060333056	2181040857	2523306544	2	0	374	0	0	0
1	376	376	0	1	1	376	80	135	130	70	95	90	8	13	3	3	48	0	233	0	255	40	35	10	10	5	29	29	135	300	160	5500	0	4060333056	2181040857	2523306552	2	0	374	0	0	0
1	377	377	0	1	5	377	80	100	200	50	50	100	5	5	3	3	48	0	0	0	255	80	35	15	15	5	29	29	5	290	170	2300	0	3414770689	2340948562	2252773720	10	0	377	0	0	0
1	378	378	0	1	1	378	80	50	100	50	100	200	14	14	3	3	3072	0	0	0	255	80	35	15	15	5	29	29	115	290	180	1750	0	3280695361	2206730818	2252771736	10	0	378	0	0	0
1	379	379	0	1	7	379	80	75	150	50	75	150	8	8	3	3	1056	0	0	0	255	80	35	15	15	5	29	29	135	290	190	2050	0	3280684033	2206730962	2252773657	10	0	379	0	0	0
1	380	380	0	1	0	380	80	80	90	110	110	130	15	13	3	3	3072	0	0	0	254	120	90	15	15	5	26	26	26	300	140	400	0	3014382622	118774419	1920340265	5	8	380	0	0	0
1	381	381	0	1	1	381	80	90	80	110	130	110	15	13	3	3	768	0	0	0	0	120	90	15	15	5	26	26	26	300	200	600	0	3014382622	118774419	1920340265	5	8	381	0	0	0
1	382	382	0	1	1	382	100	100	90	90	150	140	10	10	3	3	768	0	0	0	255	120	0	15	15	5	2	2	2	335	450	3520	0	3280695388	37816898	3259404680	6	0	382	0	0	0
1	383	383	0	1	0	383	100	150	140	90	100	90	4	4	3	3	12	0	0	0	255	120	0	15	15	5	70	70	70	335	350	9500	0	3421062290	109710070	2454101337	10	0	383	0	0	0
1	384	384	0	1	3	384	105	150	90	95	150	90	15	2	45	3	264	0	0	0	255	120	0	15	15	5	76	76	76	340	700	2065	0	3286463638	110758646	3796277193	6	8	384	0	0	0
1	385	385	0	1	2	385	100	100	100	100	100	100	8	13	3	3	3	91	91	0	255	120	100	15	15	5	32	32	32	300	30	11	0	2979775500	194022035	259135788	0	0	385	0	0	0
1	386	386	524	4	0	386	50	150	50	150	150	50	13	13	3	3	324	0	0	0	255	120	0	15	15	5	46	46	46	300	170	608	0	4121680909	1268288451	2658851244	2	0	386	0	0	0
1	387	387	0	1	3	387	55	68	64	31	45	55	11	11	45	1	4	0	0	0	31	20	50	1	7	3	65	65	75	64	40	102	1	2154661632	34609665	2455899168	10	0	387	0	0	0
1	388	388	0	1	3	388	75	89	85	36	55	65	11	11	45	2	20	0	0	0	31	20	50	1	7	3	65	65	75	142	110	970	2	2154661632	34609665	2455899168	10	0	387	0	0	0
1	389	389	0	1	3	389	95	109	105	56	75	85	11	4	45	3	24	0	0	0	31	20	50	1	7	3	65	65	75	263	220	3100	3	2188232464	34609745	2456194168	10	1	387	0	0	0
1	390	390	0	1	5	390	44	58	44	61	58	44	9	9	45	1	64	0	0	0	31	20	50	5	8	3	66	66	89	62	50	62	4	3426815617	1384258468	2472676353	10	0	390	0	0	0
1	391	391	0	1	5	391	64	78	52	81	78	52	9	1	45	2	320	0	0	0	31	20	50	5	8	3	66	66	89	142	90	220	5	3426815617	1384782820	2473233409	10	0	390	0	0	0
1	392	392	0	1	5	392	76	104	71	108	104	71	9	1	45	3	324	0	0	0	31	20	50	5	8	3	66	66	89	267	120	550	6	3462483609	1384782820	2473495625	10	2	390	0	0	0
1	393	393	0	1	1	393	53	51	53	40	61	56	10	10	45	1	256	0	0	0	31	20	50	2	5	3	67	67	128	63	40	52	7	3355652676	46209728	1390544896	5	0	393	0	0	0
1	394	394	0	1	1	394	64	66	68	50	81	76	10	10	45	2	512	0	0	0	31	20	50	2	5	3	67	67	128	142	80	230	8	3355652676	46209728	3538028545	7	0	393	0	0	0
1	395	395	0	1	1	395	84	86	88	60	111	101	10	8	45	3	768	0	0	0	31	20	50	2	5	3	67	67	128	265	170	845	9	3389223508	46226112	3605433481	15	4	393	0	0	0
1	396	396	0	1	5	396	40	55	30	60	30	30	0	2	255	1	64	0	0	0	127	15	50	4	4	3	51	51	120	49	30	20	10	2147681792	33847936	599916544	1	0	396	0	0	0
1	397	397	0	1	5	397	55	75	50	80	40	40	0	2	120	2	128	0	0	0	127	15	50	4	4	3	22	22	120	119	60	155	11	2147681792	33847936	599916544	1	0	396	0	0	0
1	398	398	0	1	5	398	85	120	70	100	50	60	0	2	45	3	12	0	0	0	127	15	50	4	4	3	22	22	120	243	120	249	12	2147698176	33847936	599916552	1	0	396	0	0	0
1	399	399	0	1	5	399	59	45	40	31	35	40	0	0	255	1	1	0	0	0	127	15	50	2	5	0	86	109	141	50	50	200	13	2848144896	50346498	316804352	2	0	399	0	0	0
1	400	400	0	1	5	400	79	85	60	71	55	60	0	10	127	2	8	0	0	0	127	15	50	2	5	0	86	109	141	144	100	315	14	2848161285	58800642	3538291976	14	0	399	0	0	0
1	401	401	0	1	0	401	37	25	41	25	25	41	6	6	255	1	16	0	277	0	127	15	50	3	3	3	61	61	50	39	30	22	15	0	0	0	0	0	401	0	0	0
1	402	402	0	1	0	402	77	85	51	65	55	51	6	6	45	2	8	0	277	0	127	15	50	3	3	3	68	68	101	134	100	255	16	3221441536	572529280	2453865512	2	0	401	0	0	0
1	403	403	0	1	1	403	45	65	34	45	40	34	12	12	235	1	4	0	0	0	127	20	50	5	5	3	79	22	62	53	50	95	17	2177073168	50347522	2185371936	0	0	403	0	0	0
1	404	404	0	1	1	404	60	85	49	60	60	49	12	12	120	2	8	0	0	0	127	20	100	5	5	3	79	22	62	127	90	305	18	2177073168	50347522	2185371936	0	0	403	0	0	0
1	405	405	0	1	1	405	80	120	79	70	95	79	12	12	45	3	12	0	0	0	127	20	50	5	5	3	79	22	62	262	140	420	19	2177089552	50347522	2185371944	0	0	403	0	0	0
1	406	406	0	1	3	406	40	30	35	55	50	70	11	3	255	1	256	0	245	0	127	20	50	15	15	3	30	38	102	56	20	12	25	2687960320	34609672	308417568	0	0	406	0	0	0
1	407	407	0	1	3	407	60	70	65	90	125	105	11	3	75	3	768	0	245	0	127	20	50	6	7	3	30	38	101	258	90	145	27	2687976736	34609672	308941864	0	0	315	0	0	0
1	408	408	0	1	1	408	67	125	40	58	30	30	5	5	45	1	4	0	0	0	31	30	50	1	1	1	104	104	125	70	90	315	36	2344825872	109066870	2185661522	10	0	408	0	0	0
1	409	409	0	1	1	409	97	165	60	58	65	50	5	5	45	2	8	0	0	0	31	30	50	1	1	1	104	104	125	173	160	1025	37	3418584081	109591158	3527838938	10	0	408	0	0	0
1	410	410	0	1	7	410	30	42	118	30	42	88	5	8	45	1	16	0	0	0	31	30	50	1	1	1	5	5	43	70	50	570	38	2344827920	33561462	2252769360	2	0	410	0	0	0
1	411	411	0	1	7	411	60	52	168	30	47	138	5	8	45	2	32	0	0	0	31	30	50	1	1	1	5	5	43	173	130	1495	39	2344844304	33561462	2252769496	2	0	410	0	0	0
1	412	412	527	3	3	412	40	29	45	36	29	45	6	6	120	1	1024	0	0	0	127	15	50	3	3	0	61	61	142	45	20	34	45	65536	0	0	0	0	412	0	0	0
1	413	413	529	3	3	413	60	59	85	36	79	105	6	11	45	2	2048	0	222	0	254	15	50	3	3	0	107	107	142	148	50	65	46	3090105600	571521536	41029672	0	0	412	0	0	0
1	414	414	531	3	2	414	70	94	50	66	94	50	6	2	45	2	260	0	222	0	0	15	50	3	3	0	68	68	110	148	90	233	47	2955887616	571783808	55709736	1	0	412	0	0	0
1	415	415	0	1	2	415	30	30	42	70	30	42	6	2	120	1	64	0	94	0	31	15	50	3	3	3	118	118	55	49	30	55	53	0	536870912	0	0	0	415	0	0	0
1	416	416	0	1	2	416	70	80	102	40	80	102	6	2	45	2	1040	0	245	0	254	15	50	3	3	3	46	46	127	166	120	385	54	2147697696	579091080	323158056	1	0	415	0	0	0
1	417	417	0	1	8	417	60	45	70	95	45	90	12	12	200	2	64	0	0	0	127	10	100	5	6	0	50	53	10	142	40	39	55	2311290880	58727938	325189920	0	0	417	0	0	0
1	418	418	0	1	5	418	55	65	35	85	60	30	10	10	190	1	64	0	0	0	127	20	50	2	5	0	33	33	41	66	70	295	56	3359846597	37820992	3259105280	6	0	418	0	0	0
1	419	419	0	1	5	419	85	105	55	115	85	50	10	10	75	2	128	0	0	0	127	20	50	2	5	0	33	33	41	173	110	335	57	3359865045	38345536	3259105290	6	0	418	0	0	0
1	420	420	0	1	9	420	45	35	45	35	62	53	11	11	190	1	256	0	239	0	127	20	50	6	7	0	34	34	34	55	40	33	58	2151482624	34609664	39978016	0	0	420	0	0	0
1	421	421	533	2	6	421	70	60	70	85	87	78	11	11	75	2	512	0	239	0	127	20	50	6	7	0	122	122	122	158	50	93	59	2151499008	34609664	39978024	0	0	420	0	0	0
1	422	422	534	2	6	422	76	48	48	34	57	62	10	10	190	1	1	0	0	0	127	20	50	2	11	0	60	114	159	65	30	63	60	2147692612	37820928	1111621632	0	0	422	0	0	0
1	423	423	535	2	6	423	111	83	68	39	92	82	10	4	75	2	2	0	0	0	127	20	50	2	11	0	60	114	159	166	90	299	61	2315481156	37821016	3259400296	6	0	422	0	0	0
1	424	424	0	1	6	424	75	100	66	115	60	66	0	0	45	2	128	0	0	0	127	20	100	5	5	4	101	53	92	169	120	203	64	3991096837	1115699842	2473722123	2	0	190	0	0	0
1	425	425	0	1	6	425	90	50	34	70	60	44	7	2	125	1	1	0	0	0	127	30	50	11	11	2	106	84	138	70	40	12	65	2978153480	2466298370	307368742	1	0	425	0	0	0
1	426	426	0	1	6	426	150	80	44	80	90	54	7	2	60	2	2	0	0	0	127	30	50	11	11	2	106	84	138	174	120	150	66	2978169864	2466298370	844239662	1	0	425	0	0	0
1	427	427	0	1	5	427	55	66	44	85	44	56	0	0	190	1	64	0	0	0	127	20	0	5	8	0	50	103	7	70	40	55	67	2900563461	192944642	308412674	2	0	427	0	0	0
1	428	428	0	1	5	428	65	76	84	105	54	96	0	0	60	2	128	0	0	0	127	20	140	5	8	0	56	103	7	168	120	333	68	2917365253	193468930	2472673546	2	0	427	0	0	0
1	429	429	0	1	6	429	60	60	60	105	105	105	7	7	45	2	1280	0	0	0	127	25	35	11	11	4	26	26	26	173	90	44	73	2979220488	1393605506	173166890	0	0	200	0	0	0
1	430	430	0	1	4	430	100	125	52	71	105	52	16	2	30	2	8	0	0	0	127	20	35	4	4	3	15	105	153	177	90	273	75	2953006088	1107590016	584216842	1	0	198	0	0	0
1	431	431	0	1	7	431	49	55	42	85	42	37	0	0	190	1	64	0	0	0	191	20	50	5	5	4	7	20	51	62	50	39	76	2848132612	33569666	324145187	0	0	431	0	0	0
1	432	432	0	1	7	432	71	82	64	112	64	59	0	0	75	2	128	0	0	0	191	20	50	5	5	4	47	20	128	158	100	438	77	2848149012	33569666	324407339	0	0	431	0	0	0
1	433	433	0	1	2	433	45	30	50	45	65	50	13	13	120	1	256	0	224	0	127	25	50	15	15	4	26	26	26	57	20	6	82	2954595336	50371331	175247652	0	0	433	0	0	0
1	434	434	0	1	6	434	63	63	47	74	41	41	3	16	225	1	64	0	0	0	127	20	50	5	5	0	1	106	51	66	40	192	84	2822966320	3254795052	306339843	3	0	434	0	0	0
1	435	435	0	1	6	435	103	93	67	84	71	61	3	16	60	2	2	0	0	0	127	20	50	5	5	0	1	106	51	168	100	380	85	2822982704	3254795052	2454347787	3	0	434	0	0	0
1	436	436	0	1	3	436	57	24	86	23	24	86	8	13	255	1	16	0	233	0	255	20	50	10	10	0	26	85	134	60	50	605	88	2989196296	50367057	242653750	0	0	436	0	0	0
1	437	437	0	1	3	437	67	89	116	33	79	116	8	13	90	2	1040	0	233	0	255	20	50	10	10	0	26	85	134	175	130	1870	89	2989212680	2197850705	2390137406	2	0	436	0	0	0
1	438	438	0	1	5	438	50	80	95	10	10	45	5	5	255	1	16	0	0	0	127	20	50	15	15	0	5	69	155	58	50	150	92	3355509768	2181053008	37918736	0	0	438	0	0	0
1	439	439	0	1	9	439	20	25	45	60	70	90	13	17	145	1	1024	0	0	0	127	25	50	15	15	0	43	111	101	62	60	130	94	4055600137	1266727683	175247652	0	0	439	0	0	0
1	440	440	0	1	9	440	100	5	5	30	15	65	0	0	130	1	1	110	0	0	254	40	140	15	15	4	30	32	132	110	60	244	96	2955642436	176167462	41029924	0	0	440	0	0	0
1	441	441	0	1	4	441	76	65	45	91	92	42	0	2	30	2	4	0	277	0	127	20	35	4	4	3	51	77	145	144	50	19	102	2147683840	1107590016	599916544	1	0	441	0	0	0
1	442	442	0	1	6	442	50	92	108	35	92	108	7	16	100	2	1040	0	0	0	127	30	50	11	11	0	46	46	151	170	100	1080	108	2953006092	1375746882	38957098	0	0	442	0	0	0
1	443	443	0	1	1	443	58	70	45	42	40	45	15	4	45	1	4	0	0	0	127	40	50	1	14	5	8	8	24	60	70	205	109	2319647762	100670196	2454095937	10	8	443	0	0	0
1	444	444	0	1	1	444	68	90	65	82	50	55	15	4	45	2	8	0	0	0	127	40	50	1	14	5	8	8	24	144	140	560	110	2319647762	100670196	2454095937	10	8	443	0	0	0
1	445	445	0	1	1	445	108	130	95	102	80	85	15	4	45	3	12	0	0	0	127	40	50	1	14	5	8	8	24	300	190	950	111	3393405970	111155956	3528363081	10	8	443	0	0	0
1	446	446	0	1	4	446	135	85	40	5	40	85	0	0	50	1	1	234	234	0	31	40	50	15	15	5	53	47	82	78	60	1050	112	4087559685	41949814	3259400196	10	0	446	0	0	0
1	447	447	0	1	1	447	40	70	40	60	35	40	1	1	75	1	4	0	0	0	31	25	50	15	15	3	80	39	158	57	70	202	115	3460499089	1250433600	2186183683	2	0	447	0	0	0
1	448	448	0	1	1	448	70	110	70	90	115	70	1	8	45	2	260	0	0	0	31	25	50	5	8	3	80	39	154	184	120	540	116	4265821853	1317542464	2253309003	10	0	447	0	0	0
1	449	449	0	1	5	449	68	72	78	32	38	42	4	4	140	1	16	0	0	0	127	30	50	5	5	5	45	45	159	66	80	495	122	2319516692	33561168	2185660416	2	0	449	0	0	0
1	450	450	0	1	5	450	108	112	118	47	68	72	4	4	60	2	32	0	0	0	127	30	50	5	5	5	45	45	159	184	200	3000	123	2319533076	33561168	2185660488	2	0	449	0	0	0
1	451	451	0	1	6	451	40	50	90	65	30	55	3	6	120	1	16	0	245	0	127	20	50	3	9	5	4	97	51	66	80	120	127	3896708128	580926408	2454406178	2	0	451	0	0	0
1	452	452	0	1	6	452	70	90	110	95	60	75	3	16	45	2	32	0	245	0	127	20	50	3	9	5	4	97	51	175	130	615	128	3930278960	580926408	2454709290	10	0	451	0	0	0
1	453	453	0	1	1	453	48	61	40	50	61	40	3	1	140	1	4	0	281	0	127	10	100	8	8	0	107	87	143	60	70	230	129	3993177761	1250442056	2186264578	10	0	453	0	0	0
1	454	454	0	1	1	454	83	106	65	85	86	65	3	1	75	2	8	0	281	0	127	20	50	8	8	0	107	87	143	172	130	444	130	3993194145	1250442056	2454701130	10	0	453	0	0	0
1	455	455	0	1	3	455	74	100	72	46	90	72	11	11	200	2	8	0	0	0	127	25	50	7	7	5	26	26	26	159	140	270	131	2149926144	43006472	308413482	0	0	455	0	0	0
1	456	456	0	1	1	456	49	49	56	66	49	61	10	10	190	1	64	0	0	0	127	20	50	12	12	1	33	114	41	66	40	70	134	2148216900	37820928	1128402978	5	0	456	0	0	0
1	457	457	0	1	1	457	69	69	76	91	69	86	10	10	75	2	128	0	0	0	127	20	50	12	12	1	33	114	41	161	120	240	135	2148233284	37820928	1128402986	5	0	456	0	0	0
1	458	458	0	1	1	458	45	20	50	50	60	120	10	2	25	1	1024	0	0	0	127	25	50	15	15	5	33	11	41	69	100	650	140	2181247044	33626752	1111916544	4	0	458	0	0	0
1	459	459	0	1	8	459	60	62	50	40	62	60	11	14	120	1	4	0	246	0	127	20	50	1	7	5	117	117	43	67	100	505	142	2691674436	34609664	39978144	0	0	459	0	0	0
1	460	460	0	1	8	460	90	92	75	60	92	85	11	14	60	2	260	0	246	0	127	20	50	1	7	5	117	117	43	173	220	1355	143	3798987077	43522624	2187756712	10	0	459	0	0	0
1	461	461	0	1	4	461	70	120	65	125	45	85	16	14	45	2	68	0	217	0	127	20	35	5	5	3	46	46	124	179	110	340	145	3963845705	1118321537	3529208971	2	0	215	0	0	0
1	462	462	0	1	7	462	70	70	115	60	130	90	12	8	30	3	768	0	233	0	255	20	50	10	10	0	42	5	148	268	120	1800	0	2172896256	2197818883	104993580	0	0	81	0	0	0
1	463	463	0	1	9	463	110	85	95	50	80	95	0	0	30	2	3	0	279	0	127	20	50	1	1	0	20	12	13	180	170	1400	0	3957552645	2189965942	3528889864	10	0	108	0	0	0
1	464	464	0	1	7	464	115	140	130	40	55	55	4	5	30	3	12	0	0	0	127	20	50	1	5	5	31	116	120	268	240	2828	0	3418584081	109591158	3595472091	10	0	111	0	0	0
1	465	465	0	1	1	465	100	100	125	50	110	50	11	11	30	2	32	0	0	0	127	20	50	7	7	0	34	102	144	187	200	1286	0	3257222400	43530955	2456720426	2	0	114	0	0	0
1	466	466	0	1	2	466	75	123	67	95	95	85	12	12	30	3	12	0	322	0	63	25	50	8	8	0	78	78	72	270	180	1386	0	3754149889	59260742	2185658664	10	0	239	0	0	0
1	467	467	0	1	0	467	75	95	67	83	125	95	9	9	30	3	768	0	323	0	63	25	50	8	8	0	49	49	72	270	160	680	0	3605089281	311049060	2185658376	10	0	240	0	0	0
1	468	468	0	1	8	468	85	50	95	80	120	115	17	2	30	3	1536	0	0	0	31	10	50	4	6	4	55	32	105	273	150	380	0	4030449157	1250187943	586289448	3	0	175	0	0	0
1	469	469	0	1	3	469	86	76	86	95	116	56	6	2	30	2	8	0	265	0	127	20	50	3	3	0	3	110	119	180	190	515	0	2955232256	570718848	55710760	1	0	193	0	0	0
1	470	470	0	1	3	470	65	110	130	95	60	65	11	11	45	2	32	0	0	0	31	35	35	5	5	0	102	102	34	184	100	255	0	2825340688	34609792	2187527208	2	0	133	0	0	0
1	471	471	0	1	1	471	65	60	110	65	130	95	14	14	45	2	512	0	0	0	31	35	35	5	5	0	81	81	115	184	80	259	0	2822993492	33561088	2185363592	2	0	133	0	0	0
1	472	472	0	1	6	472	75	95	125	95	45	75	4	2	30	2	32	0	0	0	127	20	50	3	3	3	52	8	90	179	200	425	0	3393408000	44334040	2471480410	3	0	207	0	0	0
1	473	473	0	1	5	473	110	130	80	80	70	60	14	4	50	3	12	0	0	0	127	20	50	5	5	5	12	81	47	265	250	2910	0	2315513936	33561169	2185660616	10	0	220	0	0	0
1	474	474	0	1	0	474	85	80	70	90	135	75	0	0	30	3	768	0	0	0	255	20	50	10	10	0	91	88	148	268	90	340	0	2984473600	1124084354	173166892	0	0	137	0	0	0
1	475	475	0	1	8	475	68	125	65	80	65	115	13	1	45	3	12	0	0	0	0	20	35	8	11	5	80	80	154	259	160	520	0	4137406089	465091523	2592052588	2	0	280	0	0	0
1	476	476	0	1	7	476	60	55	145	40	75	150	5	8	60	2	2064	0	242	0	127	20	50	10	10	0	5	42	159	184	140	3400	0	2207337472	2181046098	2252769624	2	0	299	0	0	0
1	477	477	0	1	4	477	45	100	135	45	65	135	7	7	45	3	2064	0	247	0	127	25	35	11	11	4	46	46	119	263	220	1066	0	4060314633	327727936	2320945194	2	0	355	0	0	0
1	478	478	0	1	8	478	70	80	70	110	80	70	14	7	75	2	128	0	0	0	254	20	50	6	10	0	81	81	130	168	130	266	0	2978740292	310385411	38932906	0	0	361	0	0	0
1	479	479	536	6	0	479	50	50	77	91	95	77	12	7	45	2	320	0	0	0	255	20	50	11	11	0	26	26	26	154	30	3	0	2709750784	1392520707	38949152	0	0	479	0	0	0
1	480	480	0	1	2	480	75	75	130	95	75	130	13	13	3	3	1056	0	0	0	255	80	140	15	15	5	26	26	26	290	30	3	146	2986329100	1267763731	192026924	0	0	480	0	0	0
1	481	481	0	1	9	481	80	105	105	80	105	105	13	13	3	3	1284	0	0	0	255	80	140	15	15	5	26	26	26	290	30	3	147	2983982092	1267763731	192026924	0	0	481	0	0	0
1	482	482	0	1	1	482	75	125	70	115	125	70	13	13	3	3	264	0	0	0	255	80	140	15	15	5	26	26	26	290	30	3	148	2983971852	3415247671	192026926	0	0	482	0	0	0
1	483	483	0	1	8	483	100	120	120	90	150	100	8	15	3	3	768	0	0	0	255	120	0	15	15	5	46	46	140	340	540	6830	149	3284890770	100797174	2655426921	2	8	483	0	0	0
1	484	484	0	1	6	484	90	120	100	100	150	120	10	15	3	3	768	0	0	0	255	120	0	15	15	5	46	46	140	340	420	3360	150	3280696535	113773302	3662057929	2	8	484	0	0	0
1	485	485	0	1	5	485	91	90	106	77	130	106	9	8	3	3	768	0	0	0	127	10	100	15	15	5	18	18	49	300	170	4300	0	2317437968	2516720484	2252785738	10	0	485	0	0	0
1	486	486	0	1	8	486	110	160	110	100	80	110	0	0	3	3	12	0	0	0	255	120	0	15	15	5	112	112	112	335	370	4200	0	3280684033	176687810	2185662938	10	0	486	0	0	0
1	487	487	541	2	4	487	150	100	120	90	100	120	7	15	3	3	3	0	0	0	255	120	0	15	15	5	46	46	140	340	450	7500	0	3016442906	386943618	2992001355	11	8	487	0	0	0
1	488	488	0	1	2	488	120	70	120	85	75	130	13	13	3	3	3072	0	0	0	254	120	100	15	15	5	26	26	26	300	150	856	0	2955662344	51419649	175247660	0	0	488	0	0	0
1	489	489	0	1	1	489	80	80	80	80	80	80	10	10	30	3	1	0	0	0	255	40	50	2	6	5	93	93	93	240	40	31	0	2149265476	46205440	1130500096	4	0	489	0	0	0
1	490	490	0	1	1	490	100	100	100	100	100	100	10	10	3	3	3	0	0	0	255	10	50	2	6	5	93	93	93	300	30	14	0	2954621004	47286785	1130500136	4	0	489	0	0	0
1	491	491	0	1	4	491	70	90	90	125	135	90	16	16	3	3	576	0	0	0	255	120	0	15	15	5	123	123	123	300	150	505	0	4051926025	1535650762	2455500075	10	0	491	0	0	0
1	492	492	542	2	3	492	100	100	100	100	100	100	11	11	45	3	3	157	157	0	255	120	100	15	15	3	30	30	30	300	20	21	0	2419934464	34605568	39982120	0	0	492	0	0	0
1	493	493	543	18	8	493	120	120	120	120	120	120	0	0	3	3	3	0	0	0	255	120	0	15	15	5	121	121	121	360	320	3200	0	4092589918	391777023	4269800943	15	8	493	0	0	0
1	494	201	494	28	4	201	48	72	48	48	72	48	13	13	225	2	260	0	0	0	255	40	50	15	15	0	26	26	26	118	50	50	114	0	0	0	0	0	201	1	0	0
1	495	201	494	28	4	201	48	72	48	48	72	48	13	13	225	2	260	0	0	0	255	40	50	15	15	0	26	26	26	118	50	50	114	0	0	0	0	0	201	2	0	0
1	496	201	494	28	4	201	48	72	48	48	72	48	13	13	225	2	260	0	0	0	255	40	50	15	15	0	26	26	26	118	50	50	114	0	0	0	0	0	201	3	0	0
1	497	201	494	28	4	201	48	72	48	48	72	48	13	13	225	2	260	0	0	0	255	40	50	15	15	0	26	26	26	118	50	50	114	0	0	0	0	0	201	4	0	0
1	498	201	494	28	4	201	48	72	48	48	72	48	13	13	225	2	260	0	0	0	255	40	50	15	15	0	26	26	26	118	50	50	114	0	0	0	0	0	201	5	0	0
1	499	201	494	28	4	201	48	72	48	48	72	48	13	13	225	2	260	0	0	0	255	40	50	15	15	0	26	26	26	118	50	50	114	0	0	0	0	0	201	6	0	0
1	500	201	494	28	4	201	48	72	48	48	72	48	13	13	225	2	260	0	0	0	255	40	50	15	15	0	26	26	26	118	50	50	114	0	0	0	0	0	201	7	0	0
1	501	201	494	28	4	201	48	72	48	48	72	48	13	13	225	2	260	0	0	0	255	40	50	15	15	0	26	26	26	118	50	50	114	0	0	0	0	0	201	8	0	0
1	502	201	494	28	4	201	48	72	48	48	72	48	13	13	225	2	260	0	0	0	255	40	50	15	15	0	26	26	26	118	50	50	114	0	0	0	0	0	201	9	0	0
1	503	201	494	28	4	201	48	72	48	48	72	48	13	13	225	2	260	0	0	0	255	40	50	15	15	0	26	26	26	118	50	50	114	0	0	0	0	0	201	10	0	0
1	504	201	494	28	4	201	48	72	48	48	72	48	13	13	225	2	260	0	0	0	255	40	50	15	15	0	26	26	26	118	50	50	114	0	0	0	0	0	201	11	0	0
1	505	201	494	28	4	201	48	72	48	48	72	48	13	13	225	2	260	0	0	0	255	40	50	15	15	0	26	26	26	118	50	50	114	0	0	0	0	0	201	12	0	0
1	506	201	494	28	4	201	48	72	48	48	72	48	13	13	225	2	260	0	0	0	255	40	50	15	15	0	26	26	26	118	50	50	114	0	0	0	0	0	201	13	0	0
1	507	201	494	28	4	201	48	72	48	48	72	48	13	13	225	2	260	0	0	0	255	40	50	15	15	0	26	26	26	118	50	50	114	0	0	0	0	0	201	14	0	0
1	508	201	494	28	4	201	48	72	48	48	72	48	13	13	225	2	260	0	0	0	255	40	50	15	15	0	26	26	26	118	50	50	114	0	0	0	0	0	201	15	0	0
1	509	201	494	28	4	201	48	72	48	48	72	48	13	13	225	2	260	0	0	0	255	40	50	15	15	0	26	26	26	118	50	50	114	0	0	0	0	0	201	16	0	0
1	510	201	494	28	4	201	48	72	48	48	72	48	13	13	225	2	260	0	0	0	255	40	50	15	15	0	26	26	26	118	50	50	114	0	0	0	0	0	201	17	0	0
1	511	201	494	28	4	201	48	72	48	48	72	48	13	13	225	2	260	0	0	0	255	40	50	15	15	0	26	26	26	118	50	50	114	0	0	0	0	0	201	18	0	0
1	512	201	494	28	4	201	48	72	48	48	72	48	13	13	225	2	260	0	0	0	255	40	50	15	15	0	26	26	26	118	50	50	114	0	0	0	0	0	201	19	0	0
1	513	201	494	28	4	201	48	72	48	48	72	48	13	13	225	2	260	0	0	0	255	40	50	15	15	0	26	26	26	118	50	50	114	0	0	0	0	0	201	20	0	0
1	514	201	494	28	4	201	48	72	48	48	72	48	13	13	225	2	260	0	0	0	255	40	50	15	15	0	26	26	26	118	50	50	114	0	0	0	0	0	201	21	0	0
1	515	201	494	28	4	201	48	72	48	48	72	48	13	13	225	2	260	0	0	0	255	40	50	15	15	0	26	26	26	118	50	50	114	0	0	0	0	0	201	22	0	0
1	516	201	494	28	4	201	48	72	48	48	72	48	13	13	225	2	260	0	0	0	255	40	50	15	15	0	26	26	26	118	50	50	114	0	0	0	0	0	201	23	0	0
1	517	201	494	28	4	201	48	72	48	48	72	48	13	13	225	2	260	0	0	0	255	40	50	15	15	0	26	26	26	118	50	50	114	0	0	0	0	0	201	24	0	0
1	518	201	494	28	4	201	48	72	48	48	72	48	13	13	225	2	260	0	0	0	255	40	50	15	15	0	26	26	26	118	50	50	114	0	0	0	0	0	201	25	0	0
1	519	201	494	28	4	201	48	72	48	48	72	48	13	13	225	2	260	0	0	0	255	40	50	15	15	0	26	26	26	118	50	50	114	0	0	0	0	0	201	26	0	0
1	520	201	494	28	4	201	48	72	48	48	72	48	13	13	225	2	260	0	0	0	255	40	50	15	15	0	26	26	26	118	50	50	114	0	0	0	0	0	201	27	0	0
1	521	351	521	4	0	351	70	70	70	70	70	70	9	9	45	2	1	243	243	0	127	25	50	6	11	0	59	59	59	147	30	8	0	2711828036	34683446	37884320	0	0	351	0	0	0
1	522	351	521	4	1	351	70	70	70	70	70	70	10	10	45	2	1	243	243	0	127	25	50	6	11	0	59	59	59	147	30	8	0	2711828036	34683446	37884320	0	0	351	0	0	0
1	523	351	521	4	8	351	70	70	70	70	70	70	14	14	45	2	1	243	243	0	127	25	50	6	11	0	59	59	59	147	30	8	0	2711828036	34683446	37884320	0	0	351	0	0	0
1	524	386	524	4	0	386	50	180	20	150	180	20	13	13	3	3	264	0	0	0	255	120	0	15	15	5	46	46	46	300	170	608	0	4121680909	1268288451	2658851244	2	0	386	0	0	0
1	525	386	524	4	0	386	50	70	160	90	70	160	13	13	3	3	1056	0	0	0	255	120	0	15	15	5	46	46	46	300	170	608	0	4121680909	1268288451	2658851244	2	0	386	0	0	0
1	526	386	524	4	0	386	50	95	90	180	95	90	13	13	3	3	192	0	0	0	255	120	0	15	15	5	46	46	46	300	170	608	0	4121680909	1268288451	2658851244	2	0	386	0	0	0
1	527	412	527	3	5	412	40	29	45	36	29	45	6	6	120	1	1024	0	0	0	127	15	50	3	3	0	61	61	142	45	20	34	45	65536	0	0	0	0	412	1	0	0
1	528	412	527	3	0	412	40	29	45	36	29	45	6	6	120	1	1024	0	0	0	127	15	50	3	3	0	61	61	142	45	20	34	45	65536	0	0	0	0	412	2	0	0
1	529	413	529	3	5	413	60	79	105	36	59	85	6	4	45	2	32	0	222	0	254	15	50	3	3	0	107	107	142	148	50	65	46	3123659776	570473040	39196712	0	0	412	1	0	0
1	530	413	529	3	0	413	60	69	95	36	69	95	6	8	45	2	1040	0	222	0	254	15	50	3	3	0	107	107	142	148	50	65	46	3090105344	570472960	106043944	0	0	412	2	0	0
1	531	414	531	3	2	414	70	94	50	66	94	50	6	2	45	2	260	0	222	0	0	15	50	3	3	0	68	68	110	148	90	233	47	2955887616	571783808	55709736	1	0	412	1	0	0
1	532	414	531	3	2	414	70	94	50	66	94	50	6	2	45	2	260	0	222	0	0	15	50	3	3	0	68	68	110	148	90	233	47	2955887616	571783808	55709736	1	0	412	2	0	0
1	533	421	533	2	9	421	70	60	70	85	87	78	11	11	75	2	512	0	239	0	127	20	50	6	7	0	122	122	122	158	50	93	59	2151499008	34609664	39978024	0	0	420	0	0	0
1	534	422	534	2	1	422	76	48	48	34	57	62	10	10	190	1	1	0	0	0	127	20	50	2	11	0	60	114	159	65	30	63	60	2147692612	37820928	1111621632	0	0	422	1	0	0
1	535	423	535	2	1	423	111	83	68	39	92	82	10	4	75	2	2	0	0	0	127	20	50	2	11	0	60	114	159	166	90	299	61	2315481156	37821016	3259400296	6	0	422	1	0	0
1	536	479	536	6	0	479	50	65	107	86	105	107	12	9	45	2	320	0	0	0	255	20	50	11	11	0	26	26	26	182	30	3	0	2709750784	1392520707	38949152	0	0	479	0	0	0
1	537	479	536	6	0	479	50	65	107	86	105	107	12	10	45	2	320	0	0	0	255	20	50	11	11	0	26	26	26	182	30	3	0	2709750784	1392520707	38949152	0	0	479	0	0	0
1	538	479	536	6	0	479	50	65	107	86	105	107	12	14	45	2	320	0	0	0	255	20	50	11	11	0	26	26	26	182	30	3	0	2709750784	1392520707	38949152	0	0	479	0	0	0
1	539	479	536	6	0	479	50	65	107	86	105	107	12	2	45	2	320	0	0	0	255	20	50	11	11	0	26	26	26	182	30	3	0	2709750784	1392520707	38949152	0	0	479	0	0	0
1	540	479	536	6	0	479	50	65	107	86	105	107	12	11	45	2	320	0	0	0	255	20	50	11	11	0	26	26	26	182	30	3	0	2709750784	1392520707	38949152	0	0	479	0	0	0
1	541	487	541	2	4	487	150	120	100	90	120	100	7	15	3	3	3	0	0	0	255	120	0	15	15	5	26	26	26	340	690	6500	0	3016442906	386943618	2992001355	11	8	487	1	0	0
1	542	492	542	2	3	492	100	103	75	127	120	75	11	2	45	3	192	157	157	0	255	120	100	15	15	3	32	32	32	300	40	52	0	2419934464	34605568	39982120	0	0	492	0	0	0
1	543	493	543	18	8	493	120	120	120	120	120	120	1	1	3	3	3	0	0	0	255	120	0	15	15	5	121	121	121	360	320	3200	0	4092589918	391777023	4269800943	15	8	493	0	0	0
1	544	493	543	18	8	493	120	120	120	120	120	120	2	2	3	3	3	0	0	0	255	120	0	15	15	5	121	121	121	360	320	3200	0	4092589918	391777023	4269800943	15	8	493	0	0	0
1	545	493	543	18	8	493	120	120	120	120	120	120	3	3	3	3	3	0	0	0	255	120	0	15	15	5	121	121	121	360	320	3200	0	4092589918	391777023	4269800911	15	8	493	0	0	0
1	546	493	543	18	8	493	120	120	120	120	120	120	4	4	3	3	3	0	0	0	255	120	0	15	15	5	121	121	121	360	320	3200	0	4092589918	391777023	4269800943	15	8	493	0	0	0
1	547	493	543	18	8	493	120	120	120	120	120	120	5	5	3	3	3	0	0	0	255	120	0	15	15	5	121	121	121	360	320	3200	0	4092589918	391777023	4269800943	15	8	493	0	0	0
1	548	493	543	18	8	493	120	120	120	120	120	120	6	6	3	3	3	0	0	0	255	120	0	15	15	5	121	121	121	360	320	3200	0	4092589918	391777023	4269800943	15	8	493	0	0	0
1	549	493	543	18	8	493	120	120	120	120	120	120	7	7	3	3	3	0	0	0	255	120	0	15	15	5	121	121	121	360	320	3200	0	4092589918	391777023	4269800943	15	8	493	0	0	0
1	550	493	543	18	8	493	120	120	120	120	120	120	8	8	3	3	3	0	0	0	255	120	0	15	15	5	121	121	121	360	320	3200	0	4092589918	391777023	4269800943	15	8	493	0	0	0
1	551	493	543	18	8	493	120	120	120	120	120	120	9	9	3	3	3	0	0	0	255	120	0	15	15	5	121	121	121	360	320	3200	0	4092589918	391777023	4269800943	15	8	493	0	0	0
1	552	493	543	18	8	493	120	120	120	120	120	120	10	10	3	3	3	0	0	0	255	120	0	15	15	5	121	121	121	360	320	3200	0	4092589918	391777023	4269800943	15	8	493	0	0	0
1	553	493	543	18	8	493	120	120	120	120	120	120	11	11	3	3	3	0	0	0	255	120	0	15	15	5	121	121	121	360	320	3200	0	4092589918	391777023	4269800943	15	8	493	0	0	0
1	554	493	543	18	8	493	120	120	120	120	120	120	12	12	3	3	3	0	0	0	255	120	0	15	15	5	121	121	121	360	320	3200	0	4092589918	391777023	4269800943	15	8	493	0	0	0
1	555	493	543	18	8	493	120	120	120	120	120	120	13	13	3	3	3	0	0	0	255	120	0	15	15	5	121	121	121	360	320	3200	0	4092589918	391777023	4269800943	15	8	493	0	0	0
1	556	493	543	18	8	493	120	120	120	120	120	120	14	14	3	3	3	0	0	0	255	120	0	15	15	5	121	121	121	360	320	3200	0	4092589918	391777023	4269800943	15	8	493	0	0	0
1	557	493	543	18	8	493	120	120	120	120	120	120	15	15	3	3	3	0	0	0	255	120	0	15	15	5	121	121	121	360	320	3200	0	4092589918	391777023	4269800943	15	8	493	0	0	0
1	558	493	543	18	8	493	120	120	120	120	120	120	16	16	3	3	3	0	0	0	255	120	0	15	15	5	121	121	121	360	320	3200	0	4092589918	391777023	4269800943	15	8	493	0	0	0
1	559	493	543	18	8	493	120	120	120	120	120	120	17	17	3	3	3	0	0	0	255	120	0	15	15	5	121	121	121	360	320	3200	0	4092589918	391777023	4269800943	15	8	493	0	0	0
