Refer to the Personal data for (species, form) -> index for the entries >493.

0
1	4,0,2,0,16
2	4,0,3,0,32
3
4	4,0,5,0,16
5	4,0,6,0,36
6
7	4,0,8,0,16
8	4,0,9,0,36
9
10	4,0,11,0,7
11	4,0,12,0,10
12
13	4,0,14,0,7
14	4,0,15,0,10
15
16	4,0,17,0,18
17	4,0,18,0,36
18
19	4,0,20,0,20
20
21	4,0,22,0,20
22
23	4,0,24,0,22
24
25	8,83,26,0,0
26
27	4,0,28,0,22
28
29	4,0,30,0,16
30	8,81,31,0,0
31
32	4,0,33,0,16
33	8,81,34,0,0
34
35	8,81,36,0,0
36
37	8,82,38,0,0
38
39	8,81,40,0,0
40
41	4,0,42,0,22
42	1,0,169,0,0
43	4,0,44,0,21
44	8,85,45,0,0	8,80,182,0,0
45
46	4,0,47,0,24
47
48	4,0,49,0,31
49
50	4,0,51,0,26
51
52	4,0,53,0,28
53
54	4,0,55,0,33
55
56	4,0,57,0,28
57
58	8,82,59,0,0
59
60	4,0,61,0,25
61	8,84,62,0,0	6,221,186,0,0
62
63	4,0,64,0,16
64	5,0,65,0,0
65
66	4,0,67,0,28
67	5,0,68,0,0
68
69	4,0,70,0,21
70	8,85,71,0,0
71
72	4,0,73,0,30
73
74	4,0,75,0,25
75	5,0,76,0,0
76
77	4,0,78,0,40
78
79	4,0,80,0,37	6,221,199,0,37
80
81	4,0,82,0,30
82	25,0,462,0,0	8,83,462,0,0
83
84	4,0,85,0,31
85
86	4,0,87,0,34
87
88	4,0,89,0,38
89
90	8,84,91,0,0
91
92	4,0,93,0,25
93	5,0,94,0,0
94
95	6,233,208,0,0
96	4,0,97,0,26
97
98	4,0,99,0,28
99
100	4,0,101,0,30
101
102	8,85,103,0,0
103
104	4,0,105,0,28
105
106
107
108	21,205,463,0,0
109	4,0,110,0,35
110
111	4,0,112,0,42
112	6,321,464,0,0
113	1,0,242,0,0
114	21,246,465,0,0
115
116	4,0,117,0,32
117	6,235,230,0,0
118	4,0,119,0,33
119
120	8,84,121,0,0
121
122
123	6,233,212,0,0
124
125	6,322,466,0,0
126	6,323,467,0,0
127
128
129	4,0,130,0,20
130
131
132
133	8,85,470,0,0	8,849,471,0,0	26,0,470,0,0	27,0,471,0,0	8,83,135,0,0	8,84,134,0,0	8,82,136,0,0	2,0,196,0,0	3,0,197,0,0
134
135
136
137	6,252,233,0,0
138	4,0,139,0,40
139
140	4,0,141,0,40
141
142
143
144
145
146
147	4,0,148,0,30
148	4,0,149,0,55
149
150
151
152	4,0,153,0,16
153	4,0,154,0,32
154
155	4,0,156,0,14
156	4,0,157,0,36
157
158	4,0,159,0,18
159	4,0,160,0,30
160
161	4,0,162,0,15
162
163	4,0,164,0,20
164
165	4,0,166,0,18
166
167	4,0,168,0,22
168
169
170	4,0,171,0,27
171
172	1,0,25,0,0
173	1,0,35,0,0
174	1,0,39,0,0
175	1,0,176,0,0
176	8,107,468,0,0
177	4,0,178,0,25
178
179	4,0,180,0,15
180	4,0,181,0,30
181
182
183	4,0,184,0,18
184
185
186
187	4,0,188,0,18
188	4,0,189,0,27
189
190	21,458,424,0,0
191	8,80,192,0,0
192
193	21,246,469,0,0
194	4,0,195,0,20
195
196
197
198	8,108,430,0,0
199
200	8,108,429,0,0
201
202
203
204	4,0,205,0,31
205
206
207	20,327,472,0,0
208
209	4,0,210,0,23
210
211
212
213
214
215	20,326,461,0,0
216	4,0,217,0,30
217
218	4,0,219,0,38
219
220	4,0,221,0,33
221	21,246,473,0,0
222
223	4,0,224,0,25
224
225
226
227
228	4,0,229,0,24
229
230
231	4,0,232,0,25
232
233	6,324,474,0,0
234
235
236	11,0,107,0,20	9,0,106,0,20	10,0,237,0,20
237
238	4,0,124,0,30
239	4,0,125,0,30
240	4,0,126,0,30
241
242
243
244
245
246	4,0,247,0,30
247	4,0,248,0,55
248
249
250
251
252	4,0,253,0,16
253	4,0,254,0,36
254
255	4,0,256,0,16
256	4,0,257,0,36
257
258	4,0,259,0,16
259	4,0,260,0,36
260
261	4,0,262,0,18
262
263	4,0,264,0,20
264
265	12,0,266,0,7	13,0,268,0,7
266	4,0,267,0,10
267
268	4,0,269,0,10
269
270	4,0,271,0,14
271	8,84,272,0,0
272
273	4,0,274,0,14
274	8,85,275,0,0
275
276	4,0,277,0,22
277
278	4,0,279,0,25
279
280	4,0,281,0,20
281	4,0,282,0,30	17,109,475,0,30
282
283	4,0,284,0,22
284
285	4,0,286,0,23
286
287	4,0,288,0,18
288	4,0,289,0,36
289
290	14,0,291,0,20
291
292
293	4,0,294,0,20
294	4,0,295,0,40
295
296	4,0,297,0,24
297
298	1,0,183,0,0
299	25,0,476,0,0
300	8,81,301,0,0
301
302
303
304	4,0,305,0,32
305	4,0,306,0,42
306
307	4,0,308,0,37
308
309	4,0,310,0,26
310
311
312
313
314
315	8,107,407,0,0
316	4,0,317,0,26
317
318	4,0,319,0,30
319
320	4,0,321,0,40
321
322	4,0,323,0,33
323
324
325	4,0,326,0,32
326
327
328	4,0,329,0,35
329	4,0,330,0,45
330
331	4,0,332,0,32
332
333	4,0,334,0,35
334
335
336
337
338
339	4,0,340,0,30
340
341	4,0,342,0,30
342
343	4,0,344,0,36
344
345	4,0,346,0,40
346
347	4,0,348,0,40
348
349	16,170,350,0,0	6,537,350,0,0
350
351
352
353	4,0,354,0,37
354
355	4,0,356,0,37
356	6,325,477,0,0
357
358
359
360	4,0,202,0,15
361	4,0,362,0,42	18,109,478,0,42
362
363	4,0,364,0,32
364	4,0,365,0,44
365
366	6,226,367,0,0	6,227,368,0,0
367
368
369
370
371	4,0,372,0,30
372	4,0,373,0,50
373
374	4,0,375,0,20
375	4,0,376,0,45
376
377
378
379
380
381
382
383
384
385
386
387	4,0,388,0,18
388	4,0,389,0,32
389
390	4,0,391,0,14
391	4,0,392,0,36
392
393	4,0,394,0,16
394	4,0,395,0,36
395
396	4,0,397,0,14
397	4,0,398,0,34
398
399	4,0,400,0,15
400
401	4,0,402,0,10
402
403	4,0,404,0,15
404	4,0,405,0,30
405
406	2,0,315,0,0
407
408	4,0,409,0,30
409
410	4,0,411,0,30
411
412	24,0,413,0,20	23,0,414,0,20
413
414
415	24,0,416,0,21
416
417
418	4,0,419,0,26
419
420	4,0,421,0,25
421
422	4,0,423,0,30
423
424
425	4,0,426,0,28
426
427	1,0,428,0,0
428
429
430
431	4,0,432,0,38
432
433	3,0,358,0,0
434	4,0,435,0,34
435
436	4,0,437,0,33
437
438	21,102,185,0,0
439	21,102,122,0,0
440	19,110,113,0,0
441
442
443	4,0,444,0,24
444	4,0,445,0,48
445
446	1,0,143,0,0
447	2,0,448,0,0
448
449	4,0,450,0,34
450
451	4,0,452,0,40
452
453	4,0,454,0,37
454
455
456	4,0,457,0,31
457
458	22,223,226,0,0
459	4,0,460,0,40
460
461
462
463
464
465
466
467
468
469
470
471
472
473
474
475
476
477
478
479
480
481
482
483
484
485
486
487
488
489
490
491
492
493
494
495
496
497
498
499
500
501
502
503
504
505
506
507
508
509
510
511
512
513
514
515
516
517
518
519
520
521
522
523
524
525
526
527	24,0,413,1,20	23,0,414,1,20
528	24,0,413,2,20	23,0,414,2,20
529
530
531
532
533
534	4,0,423,1,30
535
536
537
538
539
540
541
542
543
544
545
546
547
548
549
550
551
552
553
554
555
556
557
558
559
